{
  "coref_precision": 0.6946255186180462,
  "coref_recall": 0.5651401449683885,
  "coref_f1": 0.6230344187858275,
  "mention_recall": 0.9028030763003441,
  "loss": 52.320165975485
}