{
  "coref_precision": 0.7454721632757321,
  "coref_recall": 0.6125393575904181,
  "coref_f1": 0.6724991568605726,
  "mention_recall": 0.8897243107769424,
  "loss": 0.9412417310002091
}