{
  "coref_precision": 0.5984312545270911,
  "coref_recall": 0.4992255132144587,
  "coref_f1": 0.5443451625581389,
  "mention_recall": 0.890840652446675,
  "loss": 1.3460458049792055
}