{
  "coref_precision": 0.6681352724087387,
  "coref_recall": 0.6045487273557448,
  "coref_f1": 0.6347366745111497,
  "mention_recall": 0.9090909090909091,
  "loss": 1.263298971587084
}