{
  "coref_precision": 0.5823029643178584,
  "coref_recall": 0.5211957341859302,
  "coref_f1": 0.5500555708278746,
  "mention_recall": 0.9129901960784313,
  "loss": 1.556351492796247
}