{
  "coref_precision": 0.6988402295911009,
  "coref_recall": 0.5710357984909382,
  "coref_f1": 0.6281703217941468,
  "mention_recall": 0.905130540376442,
  "loss": 52.22908207550431
}