{
  "coref_precision": 0.6525575902220341,
  "coref_recall": 0.5684142230293056,
  "coref_f1": 0.6075830791729665,
  "mention_recall": 0.9022556390977443,
  "loss": 1.265872383856
}