{
  "coref_precision": 0.723893304452384,
  "coref_recall": 0.6450569537579341,
  "coref_f1": 0.6821971535485675,
  "mention_recall": 0.9252450980392157,
  "loss": 1.1344436826853193
}