{
  "coref_precision": 0.5244636591738047,
  "coref_recall": 0.4735380915205476,
  "coref_f1": 0.4977000070221556,
  "mention_recall": 0.9299754299754299,
  "loss": 1.9600871407004006
}