{
  "coref_precision": 0.7425121245301365,
  "coref_recall": 0.6432984981643918,
  "coref_f1": 0.6893531103699823,
  "mention_recall": 0.9058971141781681,
  "loss": 1.0112212504543217
}