{
  "coref_precision": 0.5949851892117392,
  "coref_recall": 0.47841724770240085,
  "coref_f1": 0.5303714566510392,
  "mention_recall": 0.8847117794486216,
  "loss": 1.956657551976793
}