{
  "coref_precision": 0.5564977955296743,
  "coref_recall": 0.4774417160382072,
  "coref_f1": 0.5139329939567829,
  "mention_recall": 0.8992628992628993,
  "loss": 1.8368651581060293
}