{
  "coref_precision": 0.8000582027280764,
  "coref_recall": 0.6871461087953264,
  "coref_f1": 0.739315165758351,
  "mention_recall": 0.8983688833124216,
  "loss": 0.8943985000185805
}