{
  "coref_precision": 0.7158101896882569,
  "coref_recall": 0.6147852198716299,
  "coref_f1": 0.6614615004189245,
  "mention_recall": 0.8897243107769424,
  "loss": 1.0766267262710958
}