{
  "coref_precision": 0.5906752230947023,
  "coref_recall": 0.5304962059348024,
  "coref_f1": 0.558969144348854,
  "mention_recall": 0.9213759213759214,
  "loss": 2.1072719314072144
}