{
  "coref_precision": 0.649190901308168,
  "coref_recall": 0.5796321053673994,
  "coref_f1": 0.6124379673357854,
  "mention_recall": 0.9178921568627451,
  "loss": 1.6722567995346096
}