{
  "coref_precision": 0.7075343283042463,
  "coref_recall": 0.5979005978940517,
  "coref_f1": 0.6481113885880411,
  "mention_recall": 0.8834586466165414,
  "loss": 1.0463876898577644
}