{
  "coref_precision": 0.7479943941182414,
  "coref_recall": 0.6348625866778416,
  "coref_f1": 0.6867997325203626,
  "mention_recall": 0.8795483061480552,
  "loss": 0.8769356748757329
}