{
  "coref_precision": 0.6874437360727078,
  "coref_recall": 0.5793154988817221,
  "coref_f1": 0.6286205333601648,
  "mention_recall": 0.9029042703906092,
  "loss": 54.09350001269111
}