{
  "coref_precision": 0.7134715653693465,
  "coref_recall": 0.599310260620833,
  "coref_f1": 0.6514268700761837,
  "mention_recall": 0.8845671267252195,
  "loss": 1.1484610733131608
}