{
  "coref_precision": 0.6509430369001492,
  "coref_recall": 0.5576457633606102,
  "coref_f1": 0.6006928638072763,
  "mention_recall": 0.8897243107769424,
  "loss": 1.4093317689830656
}