{
  "coref_precision": 0.8234219102172072,
  "coref_recall": 0.6721454907432912,
  "coref_f1": 0.740127627663656,
  "mention_recall": 0.8784461152882206,
  "loss": 0.7193404152799475
}