{
  "coref_precision": 0.6784485998040987,
  "coref_recall": 0.5846630122945912,
  "coref_f1": 0.6280621049364822,
  "mention_recall": 0.9004914004914005,
  "loss": 1.2160562591444384
}