{
  "coref_precision": 0.6885243501726218,
  "coref_recall": 0.5807903566393713,
  "coref_f1": 0.6299239073681827,
  "mention_recall": 0.9006780004047764,
  "loss": 53.18306213820717
}