{
  "coref_precision": 0.5555157876910143,
  "coref_recall": 0.46124113804789374,
  "coref_f1": 0.5040076211114916,
  "mention_recall": 0.8847117794486216,
  "loss": 1.7614232806851589
}