{
  "coref_precision": 0.8593370417292395,
  "coref_recall": 0.7098710155905624,
  "coref_f1": 0.7774845070982576,
  "mention_recall": 0.8895859473023839,
  "loss": 0.6209572957221878
}