{
  "coref_precision": 0.7935528480101492,
  "coref_recall": 0.7161001942864688,
  "coref_f1": 0.7528381332156929,
  "mention_recall": 0.9154411764705882,
  "loss": 0.8410979790344506
}