{
  "coref_precision": 0.429006410640927,
  "coref_recall": 0.39055052432245424,
  "coref_f1": 0.4088744329226926,
  "mention_recall": 0.918918918918919,
  "loss": 2.585640512944071
}