{
  "coref_precision": 0.6944220051744573,
  "coref_recall": 0.5749989890802653,
  "coref_f1": 0.6289024230055899,
  "mention_recall": 0.9034608378870674,
  "loss": 56.00294628918914
}