{
  "coref_precision": 0.6904939865871786,
  "coref_recall": 0.5811844115554777,
  "coref_f1": 0.6310209853651177,
  "mention_recall": 0.9027524792552115,
  "loss": 51.04436414221425
}