{
  "coref_precision": 0.6616981860402914,
  "coref_recall": 0.6155044846221317,
  "coref_f1": 0.6377638743272618,
  "mention_recall": 0.9362745098039216,
  "loss": 1.2506684261166865
}