{
  "coref_precision": 0.6308973114468497,
  "coref_recall": 0.5595331958974273,
  "coref_f1": 0.5930756839286895,
  "mention_recall": 0.9097744360902256,
  "loss": 1.3612694949997028
}