{
  "coref_precision": 0.5986866015525513,
  "coref_recall": 0.5633950936582514,
  "coref_f1": 0.5805048707824337,
  "mention_recall": 0.9398034398034398,
  "loss": 1.6020885686698927
}