{
  "coref_precision": 0.6666558567650803,
  "coref_recall": 0.5999014896450312,
  "coref_f1": 0.63151941900915,
  "mention_recall": 0.9084065244667503,
  "loss": 1.216365507998039
}