{
  "coref_precision": 0.7006220464676187,
  "coref_recall": 0.5708070092125938,
  "coref_f1": 0.6287898509011661,
  "mention_recall": 0.9036632260675976,
  "loss": 51.93433304543034
}