{
  "coref_precision": 0.6591644345515599,
  "coref_recall": 0.5671117099924317,
  "coref_f1": 0.6096829162442118,
  "mention_recall": 0.9058971141781681,
  "loss": 1.3525267756973562
}