{
  "coref_precision": 0.7612564009964453,
  "coref_recall": 0.6411316339242498,
  "coref_f1": 0.6960489845646154,
  "mention_recall": 0.9085213032581454,
  "loss": 0.9898603646294664
}