{
  "coref_precision": 0.685732298468721,
  "coref_recall": 0.584385946935933,
  "coref_f1": 0.6308976936609464,
  "mention_recall": 0.9028536733454766,
  "loss": 53.922771545202636
}