{
  "coref_precision": 0.7755722858598482,
  "coref_recall": 0.6552896833174026,
  "coref_f1": 0.7103729953135088,
  "mention_recall": 0.9058971141781681,
  "loss": 0.8286087344385964
}