{
  "coref_precision": 0.6870320356487071,
  "coref_recall": 0.5866232179272243,
  "coref_f1": 0.6328686741761849,
  "mention_recall": 0.9072681704260651,
  "loss": 1.3118524587703855
}