{
  "coref_precision": 0.5572394170765981,
  "coref_recall": 0.513068970086514,
  "coref_f1": 0.5342386854937843,
  "mention_recall": 0.9312039312039312,
  "loss": 1.80633119032568
}