{
  "coref_precision": 0.691932809201354,
  "coref_recall": 0.640088560676796,
  "coref_f1": 0.6649963555309132,
  "mention_recall": 0.928921568627451,
  "loss": 1.2235284480739854
}