{
  "coref_precision": 0.6985509607108781,
  "coref_recall": 0.5672305627822033,
  "coref_f1": 0.6258790714459125,
  "mention_recall": 0.9037644201578627,
  "loss": 51.96521995717863
}