{
  "coref_precision": 0.7572209929227474,
  "coref_recall": 0.6867677710814966,
  "coref_f1": 0.7202749593180862,
  "mention_recall": 0.9215686274509803,
  "loss": 0.8842123439141568
}