{
  "coref_precision": 0.47143419730912567,
  "coref_recall": 0.43197084644453065,
  "coref_f1": 0.45083734731269764,
  "mention_recall": 0.9238329238329238,
  "loss": 2.167876802611947
}