{
  "coref_precision": 0.6904257676898132,
  "coref_recall": 0.5827732675109082,
  "coref_f1": 0.631921522896841,
  "mention_recall": 0.905130540376442,
  "loss": 53.26438135839999
}