{
  "coref_precision": 0.7663139205170069,
  "coref_recall": 0.6902389152718472,
  "coref_f1": 0.7262706482664898,
  "mention_recall": 0.9146800501882058,
  "loss": 1.0047040930181041
}