{
  "coref_precision": 0.6970265181472272,
  "coref_recall": 0.5714610331416828,
  "coref_f1": 0.6277200464070106,
  "mention_recall": 0.9041185994737907,
  "loss": 54.384321078507234
}