{
  "coref_precision": 0.7019166694691861,
  "coref_recall": 0.6156041035942996,
  "coref_f1": 0.6559317296594745,
  "mention_recall": 0.9117647058823529,
  "loss": 1.33222881974918
}