{
  "coref_precision": 0.6982199806894039,
  "coref_recall": 0.5724531836366572,
  "coref_f1": 0.6288001182874642,
  "mention_recall": 0.9048775551507792,
  "loss": 52.589102602244324
}