{
  "coref_precision": 0.6189346284304656,
  "coref_recall": 0.5336739830612379,
  "coref_f1": 0.5731406746604603,
  "mention_recall": 0.9313725490196079,
  "loss": 1.7786373199377374
}