{
  "coref_precision": 0.6455340905115823,
  "coref_recall": 0.5774489401682383,
  "coref_f1": 0.6095938596669478,
  "mention_recall": 0.9361179361179361,
  "loss": 1.734247244143402
}