{
  "coref_precision": 0.7777459694890888,
  "coref_recall": 0.6431805996220765,
  "coref_f1": 0.7040911565426069,
  "mention_recall": 0.9010025062656641,
  "loss": 0.8563215844207284
}