{
  "coref_precision": 0.718106669337101,
  "coref_recall": 0.5785689980739527,
  "coref_f1": 0.6408287770953346,
  "mention_recall": 0.904642409033877,
  "loss": 1.1801650600229734
}