{
  "coref_precision": 0.6889381050919342,
  "coref_recall": 0.5859539337904903,
  "coref_f1": 0.6332073951774297,
  "mention_recall": 0.9021453147136207,
  "loss": 52.729660038122084
}