{
  "coref_precision": 0.6451027088999352,
  "coref_recall": 0.6058108512765376,
  "coref_f1": 0.6248335771556047,
  "mention_recall": 0.9252450980392157,
  "loss": 1.621058975162679
}