{
  "coref_precision": 0.7392707937103863,
  "coref_recall": 0.6462516630034304,
  "coref_f1": 0.6896346598298759,
  "mention_recall": 0.9172932330827067,
  "loss": 1.076056675361414
}