{
  "coref_precision": 0.7517583080251812,
  "coref_recall": 0.6583303900748997,
  "coref_f1": 0.701948598453642,
  "mention_recall": 0.9096612296110415,
  "loss": 0.9779442646905321
}