{
  "coref_precision": 0.6000739863858126,
  "coref_recall": 0.5712395466781431,
  "coref_f1": 0.5852906183184255,
  "mention_recall": 0.9299754299754299,
  "loss": 1.990848982485506
}