{
  "coref_precision": 0.6869235800423142,
  "coref_recall": 0.5810741477052707,
  "coref_f1": 0.6294705987841924,
  "mention_recall": 0.9012851649463671,
  "loss": 53.57489920719313
}