{
  "coref_precision": 0.8251769531171046,
  "coref_recall": 0.7185194731789871,
  "coref_f1": 0.7681628863934241,
  "mention_recall": 0.918444165621079,
  "loss": 0.6984567803476682
}