{
  "coref_precision": 0.6474236772820081,
  "coref_recall": 0.5923874010883815,
  "coref_f1": 0.6186739403896203,
  "mention_recall": 0.9240196078431373,
  "loss": 1.2749974298632758
}