{
  "coref_precision": 0.5829314726948179,
  "coref_recall": 0.5412719338157934,
  "coref_f1": 0.5613285970931751,
  "mention_recall": 0.9201474201474201,
  "loss": 1.743488057133085
}