{
  "coref_precision": 0.8187405116066492,
  "coref_recall": 0.6976259811295161,
  "coref_f1": 0.7533462323294208,
  "mention_recall": 0.9172932330827067,
  "loss": 0.7940195359715514
}