{
  "coref_precision": 0.699326437800332,
  "coref_recall": 0.5723712416314553,
  "coref_f1": 0.629185006728543,
  "mention_recall": 0.9022465088038859,
  "loss": 52.93512380647944
}