{
  "coref_precision": 0.6920686150732113,
  "coref_recall": 0.5652876248427255,
  "coref_f1": 0.622014347067975,
  "mention_recall": 0.902347702894151,
  "loss": 53.790969815779604
}