{
  "coref_precision": 0.6088882437765634,
  "coref_recall": 0.5607883800866257,
  "coref_f1": 0.5838481225041632,
  "mention_recall": 0.9275184275184275,
  "loss": 1.8924373112121053
}