{
  "coref_precision": 0.7423218153933,
  "coref_recall": 0.61860151282775,
  "coref_f1": 0.6748380139939091,
  "mention_recall": 0.893483709273183,
  "loss": 0.9814892672210535
}