{
  "coref_precision": 0.6222045226105014,
  "coref_recall": 0.5581294386441445,
  "coref_f1": 0.5884252588360143,
  "mention_recall": 0.9264705882352942,
  "loss": 1.6323801184273417
}