{
  "coref_precision": 0.620998045689963,
  "coref_recall": 0.5548968825284614,
  "coref_f1": 0.5860860456109237,
  "mention_recall": 0.9226044226044227,
  "loss": 1.894293935371048
}