{
  "coref_precision": 0.6922743978077976,
  "coref_recall": 0.6153218899129375,
  "coref_f1": 0.6515330234224573,
  "mention_recall": 0.9096612296110415,
  "loss": 1.3955011202834402
}