{
  "coref_precision": 0.6713317712936294,
  "coref_recall": 0.6079287526066788,
  "coref_f1": 0.638058909784358,
  "mention_recall": 0.9160401002506265,
  "loss": 1.575452017974819
}