{
  "coref_precision": 0.6287860186255564,
  "coref_recall": 0.5835792566184722,
  "coref_f1": 0.6053395050040691,
  "mention_recall": 0.9350490196078431,
  "loss": 1.7007108211138544
}