{
  "coref_precision": 0.7423838977593481,
  "coref_recall": 0.613054653298695,
  "coref_f1": 0.6715483030412949,
  "mention_recall": 0.8946047678795483,
  "loss": 1.0307664924440139
}