{
  "coref_precision": 0.6909026325961475,
  "coref_recall": 0.5746939416882625,
  "coref_f1": 0.6273237813564121,
  "mention_recall": 0.9058894960534305,
  "loss": 52.9606460498207
}