{
  "coref_precision": 0.6030784357701924,
  "coref_recall": 0.5474132432694883,
  "coref_f1": 0.5738973774930728,
  "mention_recall": 0.9085213032581454,
  "loss": 1.5146602845125383
}