{
  "coref_precision": 0.6937415636450698,
  "coref_recall": 0.613401639368873,
  "coref_f1": 0.6511025661646428,
  "mention_recall": 0.9084065244667503,
  "loss": 1.1343475833625114
}