{
  "coref_precision": 0.5694190238585354,
  "coref_recall": 0.5084405378265027,
  "coref_f1": 0.5371961979562664,
  "mention_recall": 0.9176904176904177,
  "loss": 1.8125420979618738
}