{
  "coref_precision": 0.6864634805950492,
  "coref_recall": 0.6201846310914938,
  "coref_f1": 0.6516418290624293,
  "mention_recall": 0.9203431372549019,
  "loss": 1.1782771693692529
}