{
  "coref_precision": 0.6895158390989593,
  "coref_recall": 0.5773963881454992,
  "coref_f1": 0.6283076289750488,
  "mention_recall": 0.9060918842339607,
  "loss": 53.61419021778788
}