{
  "coref_precision": 0.6873787289421057,
  "coref_recall": 0.5773529763690615,
  "coref_f1": 0.6273551389203234,
  "mention_recall": 0.9045739728799838,
  "loss": 53.767216909141546
}