{
  "coref_precision": 0.6183975714276763,
  "coref_recall": 0.5462148228251921,
  "coref_f1": 0.5800686887213384,
  "mention_recall": 0.9147869674185464,
  "loss": 1.6301422078532146
}