{
  "coref_precision": 0.502887302267142,
  "coref_recall": 0.4615886620272585,
  "coref_f1": 0.48135223401959887,
  "mention_recall": 0.9238329238329238,
  "loss": 2.5379559894115
}