{
  "coref_precision": 0.787468118339183,
  "coref_recall": 0.6985097314632637,
  "coref_f1": 0.7403260902365093,
  "mention_recall": 0.917189460476788,
  "loss": 0.9438328691502639
}