{
  "coref_precision": 0.5584563426950412,
  "coref_recall": 0.5084216238117784,
  "coref_f1": 0.5322654582890597,
  "mention_recall": 0.9085213032581454,
  "loss": 1.7590057469293205
}