{
  "coref_precision": 0.7157931296069914,
  "coref_recall": 0.6605089173716625,
  "coref_f1": 0.6870386255075264,
  "mention_recall": 0.9387254901960784,
  "loss": 1.0210455007189452
}