{
  "coref_precision": 0.7369667047240761,
  "coref_recall": 0.6690961906648182,
  "coref_f1": 0.7013911698538801,
  "mention_recall": 0.9276960784313726,
  "loss": 1.0814728793034605
}