{
  "coref_precision": 0.7684709324450768,
  "coref_recall": 0.6900066625889303,
  "coref_f1": 0.7271225259527526,
  "mention_recall": 0.9121706398996235,
  "loss": 0.7890848293323144
}