{
  "coref_precision": 0.5296806920411385,
  "coref_recall": 0.48133324712272074,
  "coref_f1": 0.5043437156299094,
  "mention_recall": 0.9348894348894349,
  "loss": 1.9952990608547985
}