{
  "coref_precision": 0.6925656934482575,
  "coref_recall": 0.5808146078309075,
  "coref_f1": 0.631662758369736,
  "mention_recall": 0.9021453147136207,
  "loss": 52.17648458901536
}