{
  "coref_precision": 0.6889698487255518,
  "coref_recall": 0.5861791969017723,
  "coref_f1": 0.6333121649211549,
  "mention_recall": 0.904675166970249,
  "loss": 53.7822194899146
}