{
  "coref_precision": 0.6024518148962396,
  "coref_recall": 0.57156998321214,
  "coref_f1": 0.5866034654463762,
  "mention_recall": 0.9424019607843137,
  "loss": 1.8709380094806711
}