{
  "coref_precision": 0.5968601310591134,
  "coref_recall": 0.5587322968901917,
  "coref_f1": 0.5771671495354432,
  "mention_recall": 0.9385749385749386,
  "loss": 1.7390150505243493
}