{
  "coref_precision": 0.6942257784820564,
  "coref_recall": 0.6347479299714459,
  "coref_f1": 0.663155830111446,
  "mention_recall": 0.9196988707653702,
  "loss": 1.6438206218852878
}