{
  "coref_precision": 0.6163506760728982,
  "coref_recall": 0.5719358114094956,
  "coref_f1": 0.5933128624342526,
  "mention_recall": 0.9373464373464373,
  "loss": 1.8706695904690807
}