{
  "coref_precision": 0.6272008651548688,
  "coref_recall": 0.5898263682577407,
  "coref_f1": 0.6079393868669903,
  "mention_recall": 0.9387254901960784,
  "loss": 1.582018873825204
}