{
  "coref_precision": 0.7538014287738045,
  "coref_recall": 0.684516787129296,
  "coref_f1": 0.7174902330084948,
  "mention_recall": 0.918444165621079,
  "loss": 0.9239061306943109
}