{
  "coref_precision": 0.7404883318330938,
  "coref_recall": 0.688214675842327,
  "coref_f1": 0.7133951148329464,
  "mention_recall": 0.9147869674185464,
  "loss": 0.9586395017773764
}