{
  "coref_precision": 0.6912333039496575,
  "coref_recall": 0.629495606950438,
  "coref_f1": 0.6589213674143733,
  "mention_recall": 0.9172932330827067,
  "loss": 1.6172423131021192
}