{
  "coref_precision": 0.6864951662237204,
  "coref_recall": 0.5818407687428552,
  "coref_f1": 0.629701414522995,
  "mention_recall": 0.896782027929569,
  "loss": 53.79147462281479
}