{
  "coref_precision": 0.7127196341590368,
  "coref_recall": 0.5867133724557133,
  "coref_f1": 0.6436070728690398,
  "mention_recall": 0.9035087719298246,
  "loss": 1.219359899001855
}