{
  "coref_precision": 0.5440061312184074,
  "coref_recall": 0.5110485285923881,
  "coref_f1": 0.5270098143573206,
  "mention_recall": 0.9324324324324325,
  "loss": 2.075816558718874
}