{
  "coref_precision": 0.7188196845613432,
  "coref_recall": 0.6733118415716456,
  "coref_f1": 0.6953187277101271,
  "mention_recall": 0.9362745098039216,
  "loss": 1.3105130587502867
}