{
  "coref_precision": 0.8134465648847637,
  "coref_recall": 0.717025739981525,
  "coref_f1": 0.7621980939505996,
  "mention_recall": 0.9109159347553325,
  "loss": 0.9064292251396894
}