{
  "coref_precision": 0.6886494711137469,
  "coref_recall": 0.5790756288831345,
  "coref_f1": 0.6289812880103807,
  "mention_recall": 0.9035620319773325,
  "loss": 54.033763783665414
}