{
  "coref_precision": 0.6626891441432574,
  "coref_recall": 0.6015624852634656,
  "coref_f1": 0.6306243413051461,
  "mention_recall": 0.9093137254901961,
  "loss": 1.4394835352104514
}