{
  "coref_precision": 0.7018838091052113,
  "coref_recall": 0.5733129009146191,
  "coref_f1": 0.6309157222081204,
  "mention_recall": 0.90153815017203,
  "loss": 55.442056926059664
}