{
  "coref_precision": 0.7391049851422081,
  "coref_recall": 0.6760123850313215,
  "coref_f1": 0.7061521624779595,
  "mention_recall": 0.918444165621079,
  "loss": 1.0853317002898553
}