{
  "coref_precision": 0.546493218244175,
  "coref_recall": 0.5023988502058677,
  "coref_f1": 0.5235184297791742,
  "mention_recall": 0.918918918918919,
  "loss": 2.159241253429756
}