{
  "coref_precision": 0.7119498938685352,
  "coref_recall": 0.6309282270201358,
  "coref_f1": 0.6689948308617213,
  "mention_recall": 0.9097744360902256,
  "loss": 1.1772810219042769
}