{
  "coref_precision": 0.6895837937254786,
  "coref_recall": 0.6273454668062511,
  "coref_f1": 0.6569915883579406,
  "mention_recall": 0.9178921568627451,
  "loss": 1.287553842593054
}