{
  "coref_precision": 0.6834183852591079,
  "coref_recall": 0.5793895284022277,
  "coref_f1": 0.6269729056979553,
  "mention_recall": 0.8998178506375227,
  "loss": 51.88786913302607
}