{
  "coref_precision": 0.5101270805218173,
  "coref_recall": 0.4890336907880766,
  "coref_f1": 0.499357586181556,
  "mention_recall": 0.9262899262899262,
  "loss": 2.1907322409814043
}