{
  "coref_precision": 0.7552533775250696,
  "coref_recall": 0.6477124579376478,
  "coref_f1": 0.6973589182586202,
  "mention_recall": 0.893483709273183,
  "loss": 0.9431021482583476
}