{
  "coref_precision": 0.7055257315853192,
  "coref_recall": 0.6687757594620342,
  "coref_f1": 0.686657443139015,
  "mention_recall": 0.9313725490196079,
  "loss": 1.3044148803302886
}