{
  "coref_precision": 0.8354037795283844,
  "coref_recall": 0.721385425711864,
  "coref_f1": 0.7742154222495957,
  "mention_recall": 0.8958594730238394,
  "loss": 0.7079552556485759
}