{
  "coref_precision": 0.5201625389985346,
  "coref_recall": 0.44754483350974567,
  "coref_f1": 0.4811236996818873,
  "mention_recall": 0.9017199017199017,
  "loss": 2.2073869657310374
}