{
  "coref_precision": 0.6885474100266163,
  "coref_recall": 0.5784808476391495,
  "coref_f1": 0.6286181362396898,
  "mention_recall": 0.9038150172029954,
  "loss": 53.18772624919643
}