{
  "coref_precision": 0.6708750469363373,
  "coref_recall": 0.6371190311141292,
  "coref_f1": 0.6535605301841323,
  "mention_recall": 0.9387254901960784,
  "loss": 1.2153608952482473
}