{
  "coref_precision": 0.556666457750589,
  "coref_recall": 0.5293902013200258,
  "coref_f1": 0.542681069083163,
  "mention_recall": 0.9385749385749386,
  "loss": 1.7434287050495085
}