{
  "coref_precision": 0.6925948547417989,
  "coref_recall": 0.6369720723740101,
  "coref_f1": 0.6636194417348941,
  "mention_recall": 0.9160401002506265,
  "loss": 1.1778583107042495
}