{
  "coref_precision": 0.7931875715918841,
  "coref_recall": 0.7155311266598033,
  "coref_f1": 0.7523607334760581,
  "mention_recall": 0.9109159347553325,
  "loss": 0.7920503906952185
}