{
  "coref_precision": 0.7015126547966045,
  "coref_recall": 0.5793887190223629,
  "coref_f1": 0.634351750941433,
  "mention_recall": 0.9010321797207043,
  "loss": 54.697208239114175
}