{
  "coref_precision": 0.6830421575697924,
  "coref_recall": 0.5438644666845766,
  "coref_f1": 0.6055566355978813,
  "mention_recall": 0.8822055137844611,
  "loss": 1.3276899594751124
}