{
  "coref_precision": 0.7432783224239796,
  "coref_recall": 0.5943072027399321,
  "coref_f1": 0.6604952475637784,
  "mention_recall": 0.8845671267252195,
  "loss": 1.1048684562059168
}