{
  "coref_precision": 0.687655162661335,
  "coref_recall": 0.5914719543278396,
  "coref_f1": 0.6358627038064929,
  "mention_recall": 0.9000708358631856,
  "loss": 50.55799795078895
}