{
  "coref_precision": 0.6855747274337771,
  "coref_recall": 0.5931966010338777,
  "coref_f1": 0.6359404721526088,
  "mention_recall": 0.9028030763003441,
  "loss": 53.696418498632035
}