{
  "coref_precision": 0.6941421563038742,
  "coref_recall": 0.6100627152080412,
  "coref_f1": 0.6493886831441613,
  "mention_recall": 0.8922305764411027,
  "loss": 1.4176338974143363
}