{
  "coref_precision": 0.7278557408320294,
  "coref_recall": 0.6488325695575504,
  "coref_f1": 0.6860552256538982,
  "mention_recall": 0.8933500627352572,
  "loss": 1.0130501066347437
}