{
  "coref_precision": 0.692489757140736,
  "coref_recall": 0.6237033028699694,
  "coref_f1": 0.6562903247252622,
  "mention_recall": 0.9117647058823529,
  "loss": 1.349496084735312
}