{
  "coref_precision": 0.5912819022687948,
  "coref_recall": 0.5562741027653308,
  "coref_f1": 0.5732422640064451,
  "mention_recall": 0.9275184275184275,
  "loss": 1.8912432890731108
}