{
  "coref_precision": 0.6871420491552095,
  "coref_recall": 0.6138273657912308,
  "coref_f1": 0.6484074720644425,
  "mention_recall": 0.8959899749373433,
  "loss": 1.0658346770853275
}