{
  "coref_precision": 0.6550881575502728,
  "coref_recall": 0.617327217082119,
  "coref_f1": 0.6356400569919471,
  "mention_recall": 0.9301470588235294,
  "loss": 1.498146355275013
}