{
  "coref_precision": 0.7750612179938979,
  "coref_recall": 0.6865331335467945,
  "coref_f1": 0.7281155184476121,
  "mention_recall": 0.8958594730238394,
  "loss": 1.0150421809920547
}