{
  "coref_precision": 0.5305810298018678,
  "coref_recall": 0.4867193748772696,
  "coref_f1": 0.5077024747561697,
  "mention_recall": 0.9201474201474201,
  "loss": 2.2983777124405615
}