{
  "coref_precision": 0.7060540981748694,
  "coref_recall": 0.5660969545342931,
  "coref_f1": 0.6280052011255522,
  "mention_recall": 0.9033090467516697,
  "loss": 51.29256461517907
}