{
  "coref_precision": 0.6731260615190807,
  "coref_recall": 0.5900100638631508,
  "coref_f1": 0.6288298369886961,
  "mention_recall": 0.903387703889586,
  "loss": 1.3151396604928354
}