{
  "coref_precision": 0.531379781952307,
  "coref_recall": 0.4878660957608325,
  "coref_f1": 0.5086938948480959,
  "mention_recall": 0.9213759213759214,
  "loss": 1.8641977800888885
}