{
  "coref_precision": 0.5610538909265314,
  "coref_recall": 0.49855407968133814,
  "coref_f1": 0.5279601351959555,
  "mention_recall": 0.9110275689223057,
  "loss": 1.7274337901370471
}