{
  "coref_precision": 0.6874846539455408,
  "coref_recall": 0.5901293915121991,
  "coref_f1": 0.6350129627858024,
  "mention_recall": 0.8979457599676179,
  "loss": 52.4138510105449
}