{
  "coref_precision": 0.776587360450082,
  "coref_recall": 0.6165499494250476,
  "coref_f1": 0.6873760643769361,
  "mention_recall": 0.899749373433584,
  "loss": 1.190984876625405
}