{
  "coref_precision": 0.5887995454110664,
  "coref_recall": 0.520434828768162,
  "coref_f1": 0.5525094361069754,
  "mention_recall": 0.9090909090909091,
  "loss": 2.096319840046649
}