{
  "coref_precision": 0.6618142757002591,
  "coref_recall": 0.5898984004376161,
  "coref_f1": 0.6237871811856377,
  "mention_recall": 0.9178921568627451,
  "loss": 1.5658865257296022
}