{
  "coref_precision": 0.7430400901884809,
  "coref_recall": 0.6023972514670175,
  "coref_f1": 0.6653666524490996,
  "mention_recall": 0.8958594730238394,
  "loss": 1.225568589286844
}