{
  "coref_precision": 0.6876069157576866,
  "coref_recall": 0.5728056641198601,
  "coref_f1": 0.6248583963065127,
  "mention_recall": 0.9002732240437158,
  "loss": 51.90390845428786
}