{
  "coref_precision": 0.6921770711663114,
  "coref_recall": 0.5690840866413212,
  "coref_f1": 0.6243590087121366,
  "mention_recall": 0.8991600890507995,
  "loss": 50.83444468758936
}