{
  "coref_precision": 0.6615044245298467,
  "coref_recall": 0.5928840812419245,
  "coref_f1": 0.6253171153382122,
  "mention_recall": 0.9411764705882353,
  "loss": 1.3879535374331
}