{
  "coref_precision": 0.5921122998920206,
  "coref_recall": 0.5328855170960435,
  "coref_f1": 0.5609381160974477,
  "mention_recall": 0.9385749385749386,
  "loss": 1.7814351188429312
}