{
  "coref_precision": 0.5944804402629021,
  "coref_recall": 0.5712151545484878,
  "coref_f1": 0.5826154571718053,
  "mention_recall": 0.941031941031941,
  "loss": 1.7645906327262928
}