{
  "coref_precision": 0.7139376942501943,
  "coref_recall": 0.5825370819747332,
  "coref_f1": 0.6415689066272701,
  "mention_recall": 0.9322459222082811,
  "loss": 1.2642328591417926
}