{
  "coref_precision": 0.7873908597896501,
  "coref_recall": 0.666604683356014,
  "coref_f1": 0.7219806226019116,
  "mention_recall": 0.9209535759096612,
  "loss": 0.9349449026484226
}