{
  "coref_precision": 0.680858008822876,
  "coref_recall": 0.6486921031038677,
  "coref_f1": 0.6643855449466057,
  "mention_recall": 0.9375,
  "loss": 1.3963231876072466
}