{
  "coref_precision": 0.7444381279155298,
  "coref_recall": 0.6032848781081303,
  "coref_f1": 0.6664696148122772,
  "mention_recall": 0.9197994987468672,
  "loss": 1.1832328527739402
}