{
  "coref_precision": 0.658847471418483,
  "coref_recall": 0.547778924546403,
  "coref_f1": 0.5981918179041505,
  "mention_recall": 0.9385964912280702,
  "loss": 1.4082410693598455
}