{
  "coref_precision": 0.7725076857916554,
  "coref_recall": 0.6372998085162154,
  "coref_f1": 0.6984199667766303,
  "mention_recall": 0.8808030112923463,
  "loss": 0.8889221416468818
}