{
  "coref_precision": 0.7118759782464518,
  "coref_recall": 0.6255023979288685,
  "coref_f1": 0.6658965076497186,
  "mention_recall": 0.8982843137254902,
  "loss": 1.2168190977622637
}