{
  "coref_precision": 0.53348042220458,
  "coref_recall": 0.4749859907754644,
  "coref_f1": 0.5025363713188665,
  "mention_recall": 0.902948402948403,
  "loss": 2.2142670919548877
}