{
  "coref_precision": 0.700374180599494,
  "coref_recall": 0.5658344753788588,
  "coref_f1": 0.6259555674878521,
  "mention_recall": 0.87468671679198,
  "loss": 1.3336312403565787
}