Config: 7 and False and 1000000
Result: (1.4051307010851128, 1.8714654044277161, 0.0)
0.03951168007320828