Config: 6b and False and 1000000
Result: (0.3899808692489849, 0.5161030361054015, 0.16573426573426572)
0.03961655067072974