Config: 8 and False and 1000000
Result: (3.200685656295974, 1.983395061076361, 0.0)
0.041339269677797955