{
  "coref_precision": 0.6966075271977066,
  "coref_recall": 0.5722550908558816,
  "coref_f1": 0.62813605253907,
  "mention_recall": 0.9006274033596438,
  "loss": 51.83665305737877
}