{
  "coref_precision": 0.6566726895768905,
  "coref_recall": 0.5967025530751021,
  "coref_f1": 0.6252493242310758,
  "mention_recall": 0.9252450980392157,
  "loss": 1.3812453899445836
}