{
  "coref_precision": 0.7105307384186695,
  "coref_recall": 0.6224718285990871,
  "coref_f1": 0.6635915402472555,
  "mention_recall": 0.9085213032581454,
  "loss": 1.180183436515789
}