{
  "coref_precision": 0.5743754656142558,
  "coref_recall": 0.5263588149553061,
  "coref_f1": 0.5493128570280584,
  "mention_recall": 0.9213759213759214,
  "loss": 1.7388814635127154
}