{
  "coref_precision": 0.7357765017275698,
  "coref_recall": 0.6466865188987111,
  "coref_f1": 0.6883606888176871,
  "mention_recall": 0.9084065244667503,
  "loss": 1.0206286580227273
}