{
  "coref_precision": 0.6834239089322081,
  "coref_recall": 0.5744340413452057,
  "coref_f1": 0.624082912460785,
  "mention_recall": 0.9030054644808743,
  "loss": 55.903301876001514
}