{
  "coref_precision": 0.6687074909339933,
  "coref_recall": 0.5944051608492562,
  "coref_f1": 0.6293306672776441,
  "mention_recall": 0.8984962406015038,
  "loss": 1.460717372887223
}