{
  "coref_precision": 0.6496953056493221,
  "coref_recall": 0.6004288331494214,
  "coref_f1": 0.6240547829134698,
  "mention_recall": 0.9252450980392157,
  "loss": 1.5178482314124895
}