{
  "coref_precision": 0.5980682670889891,
  "coref_recall": 0.5549149742132199,
  "coref_f1": 0.5756320850464247,
  "mention_recall": 0.9213759213759214,
  "loss": 1.9596185375248476
}