{
  "coref_precision": 0.7013523106093776,
  "coref_recall": 0.6156442390005283,
  "coref_f1": 0.6556599221421974,
  "mention_recall": 0.8983688833124216,
  "loss": 1.3116369720230086
}