{
  "coref_precision": 0.6845829199261232,
  "coref_recall": 0.5847330824116431,
  "coref_f1": 0.6306533306931675,
  "mention_recall": 0.8928860554543615,
  "loss": 53.773785766242234
}