{
  "coref_precision": 0.7406705605533919,
  "coref_recall": 0.6857622062845943,
  "coref_f1": 0.7121540736997387,
  "mention_recall": 0.918546365914787,
  "loss": 1.0280201817636156
}