{
  "coref_precision": 0.8002803074463783,
  "coref_recall": 0.7177925042363694,
  "coref_f1": 0.7567865130613053,
  "mention_recall": 0.9159347553324969,
  "loss": 0.7613842883272905
}