{
  "coref_precision": 0.6918263815419955,
  "coref_recall": 0.6827082095464448,
  "coref_f1": 0.6872272258132677,
  "mention_recall": 0.9375,
  "loss": 1.3334553697100446
}