{
  "coref_precision": 0.5366879531111458,
  "coref_recall": 0.5286534141797299,
  "coref_f1": 0.53262371700254,
  "mention_recall": 0.9373464373464373,
  "loss": 2.2128666069089156
}