{
  "coref_precision": 0.6937446431276867,
  "coref_recall": 0.5747464093272859,
  "coref_f1": 0.6285048756905611,
  "mention_recall": 0.9072050192268771,
  "loss": 54.922561348985944
}