{
  "coref_precision": 0.5310886954514684,
  "coref_recall": 0.4851273180220548,
  "coref_f1": 0.5070628819364805,
  "mention_recall": 0.9262899262899262,
  "loss": 2.2112436711701355
}