{
  "coref_precision": 0.7001716639424272,
  "coref_recall": 0.5654472618097054,
  "coref_f1": 0.6253913503949913,
  "mention_recall": 0.8947075490791337,
  "loss": 55.71099137908233
}