{
  "coref_precision": 0.74424700132615,
  "coref_recall": 0.6528865887910247,
  "coref_f1": 0.6955779482140533,
  "mention_recall": 0.890840652446675,
  "loss": 0.9425811695313284
}