{
  "coref_precision": 0.6103980056040297,
  "coref_recall": 0.5441820209364069,
  "coref_f1": 0.5753905410167576,
  "mention_recall": 0.9115479115479116,
  "loss": 1.8252605462465485
}