{
  "coref_precision": 0.6476729852029116,
  "coref_recall": 0.5686285709570024,
  "coref_f1": 0.6055809101498554,
  "mention_recall": 0.9019607843137255,
  "loss": 1.5167471061624125
}