{
  "coref_precision": 0.733184326597108,
  "coref_recall": 0.6430866918036334,
  "coref_f1": 0.6851862616639034,
  "mention_recall": 0.8947368421052632,
  "loss": 1.1142840773108236
}