{
  "coref_precision": 0.6959062717613969,
  "coref_recall": 0.5705162077883428,
  "coref_f1": 0.6268148844747752,
  "mention_recall": 0.9042197935640559,
  "loss": 52.49983065841293
}