{
  "coref_precision": 0.6972172482891272,
  "coref_recall": 0.5865050478817974,
  "coref_f1": 0.6370867869630663,
  "mention_recall": 0.9021329987452948,
  "loss": 1.1356818016679278
}