{
  "coref_precision": 0.6050466962231669,
  "coref_recall": 0.5303112921533973,
  "coref_f1": 0.5652071203551837,
  "mention_recall": 0.9090909090909091,
  "loss": 1.582075799352084
}