{
  "coref_precision": 0.643079991781145,
  "coref_recall": 0.5523754114440388,
  "coref_f1": 0.5942744484859207,
  "mention_recall": 0.9068627450980392,
  "loss": 1.37349334301485
}