{
  "coref_precision": 0.6968689685888979,
  "coref_recall": 0.5737551791201502,
  "coref_f1": 0.6291189281009145,
  "mention_recall": 0.9052317344667071,
  "loss": 51.890282095474156
}