{
  "coref_precision": 0.4945103579912353,
  "coref_recall": 0.4310466766607117,
  "coref_f1": 0.4605916181638376,
  "mention_recall": 0.9004914004914005,
  "loss": 2.000766856295828
}