{
  "coref_precision": 0.7512235983747241,
  "coref_recall": 0.659791660772053,
  "coref_f1": 0.7025305380580759,
  "mention_recall": 0.9019607843137255,
  "loss": 0.911543944257077
}