{
  "coref_precision": 0.7989402147148628,
  "coref_recall": 0.7167100309376364,
  "coref_f1": 0.75559439727774,
  "mention_recall": 0.9058971141781681,
  "loss": 0.7972936061933931
}