{
  "coref_precision": 0.6467821235685006,
  "coref_recall": 0.600291575841458,
  "coref_f1": 0.6226700908315437,
  "mention_recall": 0.9122807017543859,
  "loss": 1.4013295988509842
}