{
  "coref_precision": 0.7618849210944761,
  "coref_recall": 0.5919753571914731,
  "coref_f1": 0.6662665445088893,
  "mention_recall": 0.8958594730238394,
  "loss": 1.0307592890156188
}