{
  "coref_precision": 0.6667679230193743,
  "coref_recall": 0.4899734353976302,
  "coref_f1": 0.5648591148187793,
  "mention_recall": 0.8884711779448622,
  "loss": 1.4701552288563005
}