{
  "coref_precision": 0.6983119869713071,
  "coref_recall": 0.5743883032315863,
  "coref_f1": 0.6301210107013974,
  "mention_recall": 0.9063448694596236,
  "loss": 53.386347965578196
}