{
  "coref_precision": 0.7619786386953656,
  "coref_recall": 0.613044157652289,
  "coref_f1": 0.6794451933145332,
  "mention_recall": 0.8971141781681304,
  "loss": 1.2390698177879345
}