{
  "coref_precision": 0.6899210971991446,
  "coref_recall": 0.6048971861471862,
  "coref_f1": 0.6446110995372085,
  "mention_recall": 0.9105392156862745,
  "loss": 1.4391545557226055
}