{
  "coref_precision": 0.6951333569425957,
  "coref_recall": 0.5771113393874695,
  "coref_f1": 0.6304835941063187,
  "mention_recall": 0.8977939688322202,
  "loss": 56.16201006263196
}