{
  "coref_precision": 0.5601693385607508,
  "coref_recall": 0.48214934121796865,
  "coref_f1": 0.518235351796882,
  "mention_recall": 0.8958333333333334,
  "loss": 1.7357700437889234
}