{
  "coref_precision": 0.8369691649763005,
  "coref_recall": 0.6863013953548124,
  "coref_f1": 0.7541834554116539,
  "mention_recall": 0.8834586466165414,
  "loss": 0.7324492685166109
}