{
  "coref_precision": 0.6038180748482546,
  "coref_recall": 0.5238403526393722,
  "coref_f1": 0.560977351390943,
  "mention_recall": 0.9019607843137255,
  "loss": 1.6737298132648637
}