{
  "coref_precision": 0.6328277920387387,
  "coref_recall": 0.5392490576701102,
  "coref_f1": 0.5822919590984381,
  "mention_recall": 0.898034398034398,
  "loss": 1.4745181862038619
}