{
  "coref_precision": 0.7062253366103199,
  "coref_recall": 0.5772852625247986,
  "coref_f1": 0.6352771720430829,
  "mention_recall": 0.8795483061480552,
  "loss": 1.1630438475004852
}