{
  "coref_precision": 0.6966810490602168,
  "coref_recall": 0.5745056984239976,
  "coref_f1": 0.629721883428625,
  "mention_recall": 0.890840652446675,
  "loss": 1.2191459278450234
}