{
  "coref_precision": 0.6960892369752152,
  "coref_recall": 0.5752343335729617,
  "coref_f1": 0.6296895039301326,
  "mention_recall": 0.9054341226472374,
  "loss": 52.18441577729951
}