{
  "coref_precision": 0.6898376725958366,
  "coref_recall": 0.621863848968296,
  "coref_f1": 0.6540893394945987,
  "mention_recall": 0.917189460476788,
  "loss": 1.1585896411852996
}