{
  "coref_precision": 0.6622911206725565,
  "coref_recall": 0.5989519252677148,
  "coref_f1": 0.629030994061206,
  "mention_recall": 0.9197994987468672,
  "loss": 1.3742718749587992
}