{
  "coref_precision": 0.6752578991113459,
  "coref_recall": 0.616938879929076,
  "coref_f1": 0.6447812734903858,
  "mention_recall": 0.9313725490196079,
  "loss": 1.2759997826275011
}