{
  "coref_precision": 0.5749347472955953,
  "coref_recall": 0.5253714696697153,
  "coref_f1": 0.5490358687377057,
  "mention_recall": 0.9336609336609336,
  "loss": 1.8572926134577141
}