{
  "coref_precision": 0.6960806761136661,
  "coref_recall": 0.5828996622992924,
  "coref_f1": 0.6343369261071704,
  "mention_recall": 0.898755312689739,
  "loss": 52.93608198426436
}