{
  "coref_precision": 0.5553563630115741,
  "coref_recall": 0.4933105354157985,
  "coref_f1": 0.5224940772851595,
  "mention_recall": 0.914004914004914,
  "loss": 2.2378095354377003
}