{
  "coref_precision": 0.6853022690557703,
  "coref_recall": 0.6168587721283799,
  "coref_f1": 0.649281480259432,
  "mention_recall": 0.9154411764705882,
  "loss": 1.5022515022639447
}