{
  "coref_precision": 0.8112535563707602,
  "coref_recall": 0.6956215724076499,
  "coref_f1": 0.7489987198993019,
  "mention_recall": 0.890840652446675,
  "loss": 0.8017891726940901
}