{
  "coref_precision": 0.729661955331987,
  "coref_recall": 0.630065335583796,
  "coref_f1": 0.6762152064937649,
  "mention_recall": 0.8897243107769424,
  "loss": 1.1996763165423465
}