{
  "coref_precision": 0.698356355036549,
  "coref_recall": 0.5735428796472181,
  "coref_f1": 0.629562314275675,
  "mention_recall": 0.9029042703906092,
  "loss": 52.93862226924504
}