{
  "coref_precision": 0.6729148743176463,
  "coref_recall": 0.5906952934065987,
  "coref_f1": 0.6291280479896727,
  "mention_recall": 0.8996235884567126,
  "loss": 1.2255008985277454
}