{
  "coref_precision": 0.6296205251311449,
  "coref_recall": 0.587259194715335,
  "coref_f1": 0.607698360983446,
  "mention_recall": 0.9287469287469288,
  "loss": 1.6366221139109478
}