{
  "coref_precision": 0.6002759707133793,
  "coref_recall": 0.5560939106282242,
  "coref_f1": 0.5773401442419007,
  "mention_recall": 0.9252450980392157,
  "loss": 1.685110195855569
}