{
  "coref_precision": 0.7297727972051612,
  "coref_recall": 0.6286074721201719,
  "coref_f1": 0.6754219393701514,
  "mention_recall": 0.8947368421052632,
  "loss": 1.0727464389605523
}