{
  "coref_precision": 0.6918122370091205,
  "coref_recall": 0.5726436427635663,
  "coref_f1": 0.6263942333366868,
  "mention_recall": 0.902347702894151,
  "loss": 58.17637795455076
}