{
  "coref_precision": 0.7007309582309582,
  "coref_recall": 0.5856790995065134,
  "coref_f1": 0.6380592265224709,
  "mention_recall": 0.8895859473023839,
  "loss": 1.2999353303168117
}