{
  "coref_precision": 0.7237638862091881,
  "coref_recall": 0.6463834776334777,
  "coref_f1": 0.6828868028703017,
  "mention_recall": 0.9166666666666666,
  "loss": 1.2442076668780875
}