{
  "coref_precision": 0.6089585931193761,
  "coref_recall": 0.5108483619219414,
  "coref_f1": 0.5556028604303952,
  "mention_recall": 0.8834586466165414,
  "loss": 1.8006904624542308
}