{
  "coref_precision": 0.5180746977516976,
  "coref_recall": 0.46882656180901794,
  "coref_f1": 0.49222164635542415,
  "mention_recall": 0.9201474201474201,
  "loss": 2.388207976973635
}