{
  "coref_precision": 0.6811682034200723,
  "coref_recall": 0.5963250815410515,
  "coref_f1": 0.6358536932315865,
  "mention_recall": 0.9055859137826351,
  "loss": 56.278980791386104
}