{
  "coref_precision": 0.7416847409217109,
  "coref_recall": 0.6581674675154644,
  "coref_f1": 0.697429159722479,
  "mention_recall": 0.9060150375939849,
  "loss": 1.1318849848882948
}