{
  "coref_precision": 0.8177240309440498,
  "coref_recall": 0.7215975187143565,
  "coref_f1": 0.7666572660007166,
  "mention_recall": 0.9058971141781681,
  "loss": 0.7037465047128614
}