{
  "coref_precision": 0.7075558638296765,
  "coref_recall": 0.6596956964604024,
  "coref_f1": 0.6827822695255107,
  "mention_recall": 0.9313725490196079,
  "loss": 1.3372111038314918
}