{
  "coref_precision": 0.5190026577938373,
  "coref_recall": 0.4753224516382411,
  "coref_f1": 0.4962018510989125,
  "mention_recall": 0.9312039312039312,
  "loss": 2.4604973952696074
}