{
  "coref_precision": 0.5489617546360046,
  "coref_recall": 0.49614973825500136,
  "coref_f1": 0.5212142641798062,
  "mention_recall": 0.9312039312039312,
  "loss": 1.7127088324318605
}