{
  "coref_precision": 0.685275390534744,
  "coref_recall": 0.5838121221484008,
  "coref_f1": 0.6303607417185243,
  "mention_recall": 0.8939485934021453,
  "loss": 53.64986735733825
}