{
  "coref_precision": 0.6361603163297836,
  "coref_recall": 0.525276156495062,
  "coref_f1": 0.5754250890463775,
  "mention_recall": 0.9022556390977443,
  "loss": 1.7824966961364415
}