{
  "coref_precision": 0.7236367469642996,
  "coref_recall": 0.6000876124412954,
  "coref_f1": 0.6560963031554314,
  "mention_recall": 0.8958594730238394,
  "loss": 1.2735736613001738
}