{
  "coref_precision": 0.6879636298823922,
  "coref_recall": 0.6360733855831895,
  "coref_f1": 0.6609953354450828,
  "mention_recall": 0.9154411764705882,
  "loss": 1.5959670498641492
}