{
  "coref_precision": 0.5571097757591118,
  "coref_recall": 0.5158198868725185,
  "coref_f1": 0.535670234491534,
  "mention_recall": 0.9164619164619164,
  "loss": 2.1443203203995833
}