{
  "coref_precision": 0.6378741082078984,
  "coref_recall": 0.5021306280929219,
  "coref_f1": 0.5619205756237159,
  "mention_recall": 0.8721804511278195,
  "loss": 1.6188704619936027
}