{
  "coref_precision": 0.7605193708221183,
  "coref_recall": 0.6222981883150002,
  "coref_f1": 0.6844964532439567,
  "mention_recall": 0.8833124215809285,
  "loss": 1.1207022438113108
}