{
  "coref_precision": 0.6961184299601797,
  "coref_recall": 0.5692998301421613,
  "coref_f1": 0.6261547018253079,
  "mention_recall": 0.9021453147136207,
  "loss": 56.23858049217526
}