{
  "coref_precision": 0.7714712147032591,
  "coref_recall": 0.7183864916270624,
  "coref_f1": 0.7439465277154297,
  "mention_recall": 0.9109159347553325,
  "loss": 0.894806409139998
}