{
  "coref_precision": 0.49825873181560554,
  "coref_recall": 0.4623434245193869,
  "coref_f1": 0.47959964229085483,
  "mention_recall": 0.9110275689223057,
  "loss": 2.2417291584353567
}