{
  "coref_precision": 0.7927369096832102,
  "coref_recall": 0.7190682925926842,
  "coref_f1": 0.7540751922959452,
  "mention_recall": 0.904642409033877,
  "loss": 0.8708823838037598
}