{
  "coref_precision": 0.5631876488199653,
  "coref_recall": 0.5087060772187769,
  "coref_f1": 0.5345379137778031,
  "mention_recall": 0.9085213032581454,
  "loss": 1.7384960562130753
}