{
  "coref_precision": 0.6507392085152528,
  "coref_recall": 0.5014612137157307,
  "coref_f1": 0.5664293332880003,
  "mention_recall": 0.8859649122807017,
  "loss": 1.6224857101401728
}