{
  "coref_precision": 0.6940024541133004,
  "coref_recall": 0.5778772788576709,
  "coref_f1": 0.6306226966499873,
  "mention_recall": 0.8946078431372549,
  "loss": 1.3460021069803212
}