{
  "coref_precision": 0.704497135204008,
  "coref_recall": 0.520139519351965,
  "coref_f1": 0.5984411619143369,
  "mention_recall": 0.8795483061480552,
  "loss": 1.3158948247362696
}