{
  "coref_precision": 0.5579252223179519,
  "coref_recall": 0.4656413590624117,
  "coref_f1": 0.5076123946177171,
  "mention_recall": 0.8931203931203932,
  "loss": 2.2657054583930054
}