{
  "coref_precision": 0.6868678800256437,
  "coref_recall": 0.5766711170727986,
  "coref_f1": 0.6267989605877734,
  "mention_recall": 0.8972879983808946,
  "loss": 51.28876811515904
}