{
  "coref_precision": 0.6958462298530934,
  "coref_recall": 0.5860152499809624,
  "coref_f1": 0.63607040198104,
  "mention_recall": 0.9017911353976927,
  "loss": 53.21737174381679
}