{
  "coref_precision": 0.7420348223427711,
  "coref_recall": 0.6221989845713334,
  "coref_f1": 0.6768494698136194,
  "mention_recall": 0.918546365914787,
  "loss": 1.3552215579995064
}