{
  "coref_precision": 0.5852751277059459,
  "coref_recall": 0.5561210333140157,
  "coref_f1": 0.5702884629296338,
  "mention_recall": 0.9434889434889435,
  "loss": 1.9084035866768005
}