{
  "coref_precision": 0.6690008136791762,
  "coref_recall": 0.5668404067949955,
  "coref_f1": 0.6136923322401918,
  "mention_recall": 0.9121706398996235,
  "loss": 1.397277408249666
}