{
  "coref_precision": 0.7253311877242287,
  "coref_recall": 0.6198964270122636,
  "coref_f1": 0.668480051509183,
  "mention_recall": 0.9209535759096612,
  "loss": 1.2226334623839574
}