{
  "coref_precision": 0.6620741323796647,
  "coref_recall": 0.5979766148883795,
  "coref_f1": 0.6283927728198323,
  "mention_recall": 0.9362745098039216,
  "loss": 1.711022064805777
}