{
  "coref_precision": 0.6454482873683894,
  "coref_recall": 0.6109115784360882,
  "coref_f1": 0.6276611790578192,
  "mention_recall": 0.9424019607843137,
  "loss": 1.411818849722322
}