{
  "coref_precision": 0.5975383394591477,
  "coref_recall": 0.5392143738634966,
  "coref_f1": 0.5668759572761889,
  "mention_recall": 0.9299754299754299,
  "loss": 2.118377044034575
}