{
  "coref_precision": 0.6103405654237072,
  "coref_recall": 0.5288374807817071,
  "coref_f1": 0.5666653782523025,
  "mention_recall": 0.9160401002506265,
  "loss": 1.887511531221405
}