{
  "coref_precision": 0.6963184407997725,
  "coref_recall": 0.5733383448871406,
  "coref_f1": 0.6286820839655327,
  "mention_recall": 0.898755312689739,
  "loss": 50.62301146547944
}