{
  "coref_precision": 0.7239260785043364,
  "coref_recall": 0.5877793571823422,
  "coref_f1": 0.6487869149893682,
  "mention_recall": 0.8847117794486216,
  "loss": 1.0193151948446477
}