{
  "coref_precision": 0.4928120687033147,
  "coref_recall": 0.43226272524518133,
  "coref_f1": 0.4605532306982402,
  "mention_recall": 0.9090909090909091,
  "loss": 2.2259198501037574
}