{
  "coref_precision": 0.8055775025022109,
  "coref_recall": 0.6572363238935516,
  "coref_f1": 0.7238842416202361,
  "mention_recall": 0.8858218318695107,
  "loss": 0.7834504425259086
}