{
  "coref_precision": 0.5245752114426226,
  "coref_recall": 0.4670132652588792,
  "coref_f1": 0.4941190075319743,
  "mention_recall": 0.914004914004914,
  "loss": 2.1715515794022675
}