{
  "coref_precision": 0.6323518345379332,
  "coref_recall": 0.5295687583197403,
  "coref_f1": 0.5764126072944163,
  "mention_recall": 0.8822055137844611,
  "loss": 1.397559655610961
}