{
  "coref_precision": 0.5370115605738003,
  "coref_recall": 0.4600396249519056,
  "coref_f1": 0.49554812688874367,
  "mention_recall": 0.9004914004914005,
  "loss": 2.4539480397010554
}