{
  "coref_precision": 0.6850401340414205,
  "coref_recall": 0.5757897690788175,
  "coref_f1": 0.6256809537942342,
  "mention_recall": 0.8858218318695107,
  "loss": 1.1452074468408884
}