{
  "coref_precision": 0.778326545324664,
  "coref_recall": 0.6165916260574548,
  "coref_f1": 0.6880776752925813,
  "mention_recall": 0.8696741854636592,
  "loss": 0.9143733366348851
}