{
  "coref_precision": 0.834394872052842,
  "coref_recall": 0.6642847585968141,
  "coref_f1": 0.7396849291872325,
  "mention_recall": 0.8682559598494354,
  "loss": 0.6707476547844781
}