{
  "coref_precision": 0.726513186031824,
  "coref_recall": 0.6366385022022277,
  "coref_f1": 0.6785997711426998,
  "mention_recall": 0.9142156862745098,
  "loss": 1.1333055344931846
}