{
  "coref_precision": 0.7164290971275191,
  "coref_recall": 0.6204732313800941,
  "coref_f1": 0.6649861268379911,
  "mention_recall": 0.9080882352941176,
  "loss": 1.2960208594502132
}