{
  "coref_precision": 0.552842750536059,
  "coref_recall": 0.48275624108957443,
  "coref_f1": 0.5154267470094731,
  "mention_recall": 0.9103194103194103,
  "loss": 1.795296227609492
}