{
  "coref_precision": 0.6721175430106077,
  "coref_recall": 0.5855749370455253,
  "coref_f1": 0.6258614600450755,
  "mention_recall": 0.9056372549019608,
  "loss": 1.1750862518896539
}