{
  "coref_precision": 0.7014087116189068,
  "coref_recall": 0.5709657196344308,
  "coref_f1": 0.6292619152618559,
  "mention_recall": 0.905838899008298,
  "loss": 55.982149438143054
}