{
  "coref_precision": 0.6777325060898742,
  "coref_recall": 0.5404612938195027,
  "coref_f1": 0.6013613755259538,
  "mention_recall": 0.8859649122807017,
  "loss": 1.5676493725778973
}