{
  "coref_precision": 0.6881474370703216,
  "coref_recall": 0.6087361122900338,
  "coref_f1": 0.6460103809783017,
  "mention_recall": 0.9080882352941176,
  "loss": 1.3426138435045627
}