{
  "coref_precision": 0.5525884427845212,
  "coref_recall": 0.4994991003762934,
  "coref_f1": 0.5247035015412957,
  "mention_recall": 0.9164619164619164,
  "loss": 2.3059370504163135
}