{
  "coref_precision": 0.6853129514718828,
  "coref_recall": 0.584387594288824,
  "coref_f1": 0.6307265649289161,
  "mention_recall": 0.9002226269985832,
  "loss": 53.8958676797291
}