{
  "coref_precision": 0.7636554155051914,
  "coref_recall": 0.6405339483250102,
  "coref_f1": 0.6966962760230807,
  "mention_recall": 0.8996235884567126,
  "loss": 1.260594071019058
}