{
  "coref_precision": 0.7336466006495544,
  "coref_recall": 0.5968280291663377,
  "coref_f1": 0.6581992980982824,
  "mention_recall": 0.8872180451127819,
  "loss": 1.4063824697792737
}