{
  "coref_precision": 0.525543408736607,
  "coref_recall": 0.462209538086731,
  "coref_f1": 0.49184520080529665,
  "mention_recall": 0.9127764127764127,
  "loss": 1.8378187108406712
}