{
  "coref_precision": 0.7014937457516649,
  "coref_recall": 0.6154883923266277,
  "coref_f1": 0.6556806552650025,
  "mention_recall": 0.9154411764705882,
  "loss": 1.1707829204388422
}