{
  "coref_precision": 0.690533794730429,
  "coref_recall": 0.5773737415832912,
  "coref_f1": 0.6286742017117979,
  "mention_recall": 0.8986035215543412,
  "loss": 52.34430711596921
}