{
  "coref_precision": 0.7345383353504763,
  "coref_recall": 0.6231543164803646,
  "coref_f1": 0.6742737181694632,
  "mention_recall": 0.9096612296110415,
  "loss": 1.2069439419496821
}