{
  "coref_precision": 0.664127305649772,
  "coref_recall": 0.5477238626492358,
  "coref_f1": 0.6003347486103922,
  "mention_recall": 0.9085213032581454,
  "loss": 1.5080758209374556
}