{
  "coref_precision": 0.5700262434019852,
  "coref_recall": 0.5378839023575865,
  "coref_f1": 0.5534793838919291,
  "mention_recall": 0.9201474201474201,
  "loss": 1.9583692528216892
}