{
  "coref_precision": 0.6440301672553275,
  "coref_recall": 0.6131480538343284,
  "coref_f1": 0.6281915383828701,
  "mention_recall": 0.9240196078431373,
  "loss": 1.4681279814644819
}