{
  "coref_precision": 0.6962445341310509,
  "coref_recall": 0.5786498403843808,
  "coref_f1": 0.6318840636361964,
  "mention_recall": 0.902701882210079,
  "loss": 56.30115003926926
}