{
  "coref_precision": 0.7028370770002561,
  "coref_recall": 0.5951688325542738,
  "coref_f1": 0.6445372680853602,
  "mention_recall": 0.8947368421052632,
  "loss": 1.0896902887977695
}