{
  "coref_precision": 0.7775717101258555,
  "coref_recall": 0.6614278765674899,
  "coref_f1": 0.7148119288752436,
  "mention_recall": 0.8958594730238394,
  "loss": 0.9615967084575988
}