{
  "coref_precision": 0.6603180315690714,
  "coref_recall": 0.5961175716077677,
  "coref_f1": 0.6265773563919911,
  "mention_recall": 0.9203431372549019,
  "loss": 1.657894553462162
}