{
  "coref_precision": 0.5835792782467107,
  "coref_recall": 0.5330305584691549,
  "coref_f1": 0.5571595015933104,
  "mention_recall": 0.9262899262899262,
  "loss": 2.324841961588214
}