{
  "coref_precision": 0.6918256242162996,
  "coref_recall": 0.5731898221524416,
  "coref_f1": 0.6267488103361858,
  "mention_recall": 0.9052317344667071,
  "loss": 53.71049649193455
}