{
  "coref_precision": 0.6734960994169975,
  "coref_recall": 0.6365532071414424,
  "coref_f1": 0.6544833531902787,
  "mention_recall": 0.9240196078431373,
  "loss": 1.3042615771829846
}