{
  "coref_precision": 0.41111843588088764,
  "coref_recall": 0.37637254479359744,
  "coref_f1": 0.392978514771462,
  "mention_recall": 0.9201474201474201,
  "loss": 2.9091685750197462
}