{
  "coref_precision": 0.7044744252302392,
  "coref_recall": 0.5695325554450981,
  "coref_f1": 0.6298569932726511,
  "mention_recall": 0.8959899749373433,
  "loss": 1.4346971000955817
}