{
  "coref_precision": 0.6794194127421315,
  "coref_recall": 0.561769311402052,
  "coref_f1": 0.615018255919863,
  "mention_recall": 0.8958594730238394,
  "loss": 1.511190502237596
}