{
  "coref_precision": 0.667679463195821,
  "coref_recall": 0.5785740222014731,
  "coref_f1": 0.6199404650028059,
  "mention_recall": 0.9129901960784313,
  "loss": 1.6656545770540492
}