{
  "coref_precision": 0.5573804447455114,
  "coref_recall": 0.47989656322989654,
  "coref_f1": 0.51574102981764,
  "mention_recall": 0.9090909090909091,
  "loss": 2.280127654570721
}