{
  "coref_precision": 0.6964974414338968,
  "coref_recall": 0.5771557657151708,
  "coref_f1": 0.630980404389501,
  "mention_recall": 0.9054341226472374,
  "loss": 53.761709496068455
}