{
  "coref_precision": 0.7238660470311847,
  "coref_recall": 0.598811734220218,
  "coref_f1": 0.655426857808377,
  "mention_recall": 0.9035087719298246,
  "loss": 1.0504579229122537
}