{
  "coref_precision": 0.5204555378026097,
  "coref_recall": 0.4491324657991325,
  "coref_f1": 0.48216245208472164,
  "mention_recall": 0.9152334152334153,
  "loss": 2.0076109026659616
}