{
  "coref_precision": 0.7266377850042997,
  "coref_recall": 0.6200564232426977,
  "coref_f1": 0.6691211641988275,
  "mention_recall": 0.9117647058823529,
  "loss": 1.087100565812936
}