{
  "coref_precision": 0.8145222182811557,
  "coref_recall": 0.6998119098516632,
  "coref_f1": 0.752822272048561,
  "mention_recall": 0.9121706398996235,
  "loss": 0.8030574222605654
}