{
  "coref_precision": 0.6927531579872519,
  "coref_recall": 0.5728273698840805,
  "coref_f1": 0.6268432637462428,
  "mention_recall": 0.9030054644808743,
  "loss": 56.79165781903497
}