{
  "coref_precision": 0.6944696416361995,
  "coref_recall": 0.58000750663191,
  "coref_f1": 0.6319196538631104,
  "mention_recall": 0.9049787492410444,
  "loss": 56.72587430480874
}