{
  "coref_precision": 0.8332620723113386,
  "coref_recall": 0.7234718130763776,
  "coref_f1": 0.7744946627489102,
  "mention_recall": 0.9021329987452948,
  "loss": 0.7378528271052878
}