{
  "coref_precision": 0.5944795425356496,
  "coref_recall": 0.5246324735654403,
  "coref_f1": 0.5573746093245798,
  "mention_recall": 0.9010025062656641,
  "loss": 1.775523551529204
}