{
  "coref_precision": 0.433160390284631,
  "coref_recall": 0.3941682112734744,
  "coref_f1": 0.41274352172763296,
  "mention_recall": 0.9324324324324325,
  "loss": 3.424651987610884
}