{
  "coref_precision": 0.7422468527405895,
  "coref_recall": 0.6797152783672392,
  "coref_f1": 0.7096039263134237,
  "mention_recall": 0.9252450980392157,
  "loss": 1.1435082800123912
}