{
  "coref_precision": 0.4771549030488969,
  "coref_recall": 0.4227190041539348,
  "coref_f1": 0.4482904397363728,
  "mention_recall": 0.9072681704260651,
  "loss": 2.9086468111940733
}