{
  "coref_precision": 0.8219529710589057,
  "coref_recall": 0.7462105296664121,
  "coref_f1": 0.7822424181026207,
  "mention_recall": 0.9264705882352942,
  "loss": 0.8636918828560423
}