{
  "coref_precision": 0.7906645176806467,
  "coref_recall": 0.6883241329489,
  "coref_f1": 0.7359406941249258,
  "mention_recall": 0.8983688833124216,
  "loss": 0.9365060333690935
}