{
  "coref_precision": 0.4986508732159778,
  "coref_recall": 0.46296914937265815,
  "coref_f1": 0.48014542024057855,
  "mention_recall": 0.9287469287469288,
  "loss": 2.8509900440373124
}