{
  "coref_precision": 0.702808531158392,
  "coref_recall": 0.5761688864527051,
  "coref_f1": 0.6327209350945561,
  "mention_recall": 0.9036126290224651,
  "loss": 51.56519130957962
}