{
  "coref_precision": 0.6923160969663238,
  "coref_recall": 0.5801072516521754,
  "coref_f1": 0.6311707432830925,
  "mention_recall": 0.9037138231127302,
  "loss": 52.99367614016312
}