{
  "coref_precision": 0.7660035019280172,
  "coref_recall": 0.6777435890180988,
  "coref_f1": 0.7191732607222159,
  "mention_recall": 0.9142156862745098,
  "loss": 0.9893947762360201
}