{
  "coref_precision": 0.5218270992979037,
  "coref_recall": 0.4304752156283971,
  "coref_f1": 0.47176943612676414,
  "mention_recall": 0.893483709273183,
  "loss": 2.4234897391339327
}