{
  "coref_precision": 0.807212223739468,
  "coref_recall": 0.7365228191050242,
  "coref_f1": 0.770247487923022,
  "mention_recall": 0.9196988707653702,
  "loss": 0.8799937993756004
}