{
  "coref_precision": 0.4277695743275598,
  "coref_recall": 0.4023014698453295,
  "coref_f1": 0.4146291389932298,
  "mention_recall": 0.9299754299754299,
  "loss": 3.1645669276116712
}