{
  "coref_precision": 0.7419922520046841,
  "coref_recall": 0.6272197114845043,
  "coref_f1": 0.6797955632411785,
  "mention_recall": 0.903387703889586,
  "loss": 1.1688708956744374
}