{
  "coref_precision": 0.808877224675307,
  "coref_recall": 0.7461214031066974,
  "coref_f1": 0.7762241411747962,
  "mention_recall": 0.9203431372549019,
  "loss": 0.898896181357284
}