{
  "coref_precision": 0.43493764712682736,
  "coref_recall": 0.40282568575315364,
  "coref_f1": 0.418263835540093,
  "mention_recall": 0.9147869674185464,
  "loss": 3.230694102855308
}