{
  "coref_precision": 0.6977197476205476,
  "coref_recall": 0.5707367932334567,
  "coref_f1": 0.6276311148011327,
  "mention_recall": 0.9047763610605141,
  "loss": 55.62473775132813
}