{
  "coref_precision": 0.6394038892133307,
  "coref_recall": 0.5474790927265397,
  "coref_f1": 0.5898808577495523,
  "mention_recall": 0.9035087719298246,
  "loss": 1.818938080105844
}