{
  "coref_precision": 0.5664143652644458,
  "coref_recall": 0.513750393136358,
  "coref_f1": 0.5387927005091113,
  "mention_recall": 0.9226044226044227,
  "loss": 2.394396040036646
}