{
  "coref_precision": 0.7029176212490005,
  "coref_recall": 0.571420074152131,
  "coref_f1": 0.6301020569797143,
  "mention_recall": 0.9069520340012144,
  "loss": 52.05108469302348
}