{
  "coref_precision": 0.6870252929761088,
  "coref_recall": 0.5812779476638674,
  "coref_f1": 0.6296415245467193,
  "mention_recall": 0.9021959117587532,
  "loss": 50.439002166523586
}