{
  "coref_precision": 0.6780856419467334,
  "coref_recall": 0.5999230259564369,
  "coref_f1": 0.636612559885656,
  "mention_recall": 0.9109159347553325,
  "loss": 1.2157915060003086
}