{
  "coref_precision": 0.5973432874817863,
  "coref_recall": 0.5754182811200355,
  "coref_f1": 0.5861741010898484,
  "mention_recall": 0.9385749385749386,
  "loss": 1.8084274569733276
}