{
  "coref_precision": 0.6338163203471932,
  "coref_recall": 0.5580502055430047,
  "coref_f1": 0.593522847165126,
  "mention_recall": 0.9072681704260651,
  "loss": 1.40785846874802
}