{
  "coref_precision": 0.6498378674198035,
  "coref_recall": 0.6293410882871666,
  "coref_f1": 0.6394209958913352,
  "mention_recall": 0.9411764705882353,
  "loss": 1.3062306317523773
}