{
  "coref_precision": 0.6924911720100239,
  "coref_recall": 0.5799639503798991,
  "coref_f1": 0.6311097086965968,
  "mention_recall": 0.9021959117587532,
  "loss": 53.35827669849781
}