{
  "coref_precision": 0.6789047263766704,
  "coref_recall": 0.5500524736384909,
  "coref_f1": 0.6077225037942139,
  "mention_recall": 0.8659147869674185,
  "loss": 1.075219153260021
}