{
  "coref_precision": 0.5656684575469532,
  "coref_recall": 0.5086293630153279,
  "coref_f1": 0.5356340310540927,
  "mention_recall": 0.9041769041769042,
  "loss": 1.799682381576548
}