{
  "coref_precision": 0.6687279003742419,
  "coref_recall": 0.6042884493864885,
  "coref_f1": 0.6348736197512399,
  "mention_recall": 0.9031862745098039,
  "loss": 1.2745014811550524
}