{
  "coref_precision": 0.7139525861567074,
  "coref_recall": 0.5804589769087246,
  "coref_f1": 0.6403211638217271,
  "mention_recall": 0.875784190715182,
  "loss": 1.0506552163265197
}