{
  "coref_precision": 0.6918629870376076,
  "coref_recall": 0.5760053101712015,
  "coref_f1": 0.6284555089859817,
  "mention_recall": 0.9055859137826351,
  "loss": 51.45402842050086
}