{
  "coref_precision": 0.8084082299467504,
  "coref_recall": 0.7070613742255533,
  "coref_f1": 0.7543458775863384,
  "mention_recall": 0.9035087719298246,
  "loss": 0.7619100661705075
}