{
  "coref_precision": 0.8471743276081659,
  "coref_recall": 0.7429768393927162,
  "coref_f1": 0.7916616189987987,
  "mention_recall": 0.9008782936010038,
  "loss": 0.6319336725950985
}