{
  "coref_precision": 0.663782698732815,
  "coref_recall": 0.6237351337841535,
  "coref_f1": 0.6431355083222993,
  "mention_recall": 0.9313725490196079,
  "loss": 1.2785344887398247
}