{
  "coref_precision": 0.5539730455529287,
  "coref_recall": 0.5187679705223566,
  "coref_f1": 0.5357917655671967,
  "mention_recall": 0.9312039312039312,
  "loss": 1.8118685190186286
}