{
  "coref_precision": 0.6805693107597248,
  "coref_recall": 0.5842719846741881,
  "coref_f1": 0.6286810984027478,
  "mention_recall": 0.8963772515685084,
  "loss": 53.95533242492335
}