{
  "coref_precision": 0.6805657775883597,
  "coref_recall": 0.5889703954132611,
  "coref_f1": 0.631334369179426,
  "mention_recall": 0.9025500910746812,
  "loss": 51.91446984755196
}