{
  "coref_precision": 0.6812587883107794,
  "coref_recall": 0.6606167888030633,
  "coref_f1": 0.6707789804434574,
  "mention_recall": 0.9509803921568627,
  "loss": 1.3602519903714976
}