{
  "coref_precision": 0.7620005248855718,
  "coref_recall": 0.6634782583777724,
  "coref_f1": 0.7093346623753246,
  "mention_recall": 0.9121706398996235,
  "loss": 1.1591015818887307
}