{
  "coref_precision": 0.5972912011044162,
  "coref_recall": 0.5838553066623241,
  "coref_f1": 0.5904959712159757,
  "mention_recall": 0.9545454545454546,
  "loss": 1.7765337526914369
}