{
  "coref_precision": 0.7421929127249309,
  "coref_recall": 0.7221062409836868,
  "coref_f1": 0.7320106039068959,
  "mention_recall": 0.9335006273525721,
  "loss": 0.9685185127242092
}