{
  "coref_precision": 0.6975645752614258,
  "coref_recall": 0.632671073479897,
  "coref_f1": 0.6635341792912687,
  "mention_recall": 0.9301470588235294,
  "loss": 1.5363202166462935
}