{
  "coref_precision": 0.5950485268601561,
  "coref_recall": 0.5156015226517976,
  "coref_f1": 0.5524807346263344,
  "mention_recall": 0.9122807017543859,
  "loss": 2.164421334515679
}