{
  "coref_precision": 0.6254560027202293,
  "coref_recall": 0.6110676743368547,
  "coref_f1": 0.6181756764300739,
  "mention_recall": 0.9348370927318296,
  "loss": 1.4178011770272103
}