{
  "coref_precision": 0.5573306236857638,
  "coref_recall": 0.513141450860749,
  "coref_f1": 0.5343236711044549,
  "mention_recall": 0.9312039312039312,
  "loss": 2.533199911815516
}