{
  "coref_precision": 0.6942669035246265,
  "coref_recall": 0.5701288958277083,
  "coref_f1": 0.6259758336650543,
  "mention_recall": 0.89759158065169,
  "loss": 56.561977430734345
}