{
  "coref_precision": 0.7641482993606026,
  "coref_recall": 0.6152603411773555,
  "coref_f1": 0.6816690592340816,
  "mention_recall": 0.877038895859473,
  "loss": 0.9724643250233999
}