{
  "coref_precision": 0.6815984827586347,
  "coref_recall": 0.5873299993398032,
  "coref_f1": 0.6309507311887126,
  "mention_recall": 0.9031862745098039,
  "loss": 1.3198153743101562
}