{
  "coref_precision": 0.7015435126683315,
  "coref_recall": 0.5781989806669042,
  "coref_f1": 0.6339267764444969,
  "mention_recall": 0.8759398496240601,
  "loss": 1.1650910871623856
}