{
  "coref_precision": 0.5566078756388987,
  "coref_recall": 0.4741746930343422,
  "coref_f1": 0.5120844620585326,
  "mention_recall": 0.8968058968058968,
  "loss": 2.0711318113229416
}