{
  "coref_precision": 0.6679311700239912,
  "coref_recall": 0.5969912712559772,
  "coref_f1": 0.6304686686776161,
  "mention_recall": 0.9142156862745098,
  "loss": 1.2673165968156588
}