{
  "coref_precision": 0.630270054319659,
  "coref_recall": 0.5662667586600553,
  "coref_f1": 0.5965565878930247,
  "mention_recall": 0.9022556390977443,
  "loss": 1.7791390120464587
}