{
  "coref_precision": 0.7237590652285021,
  "coref_recall": 0.6078011250045815,
  "coref_f1": 0.6607307629267182,
  "mention_recall": 0.8771929824561403,
  "loss": 1.1265674856368093
}