{
  "coref_precision": 0.51111874690787,
  "coref_recall": 0.46036894150929236,
  "coref_f1": 0.48441620349225895,
  "mention_recall": 0.9226044226044227,
  "loss": 2.2186469490841754
}