{
  "coref_precision": 0.7637348356646602,
  "coref_recall": 0.6642411409554092,
  "coref_f1": 0.7105162931069735,
  "mention_recall": 0.8883312421580929,
  "loss": 0.9626929706278317
}