{
  "coref_precision": 0.748860593585,
  "coref_recall": 0.6510952542832535,
  "coref_f1": 0.696564121168148,
  "mention_recall": 0.904642409033877,
  "loss": 0.9506892565292834
}