{
  "coref_precision": 0.6679929653508223,
  "coref_recall": 0.6066162323515264,
  "coref_f1": 0.6358181321571506,
  "mention_recall": 0.9105392156862745,
  "loss": 1.281531294120438
}