{
  "coref_precision": 0.6893630320983135,
  "coref_recall": 0.5819523153586419,
  "coref_f1": 0.6310116425370067,
  "mention_recall": 0.9032584497065371,
  "loss": 51.542556964437715
}