{
  "coref_precision": 0.6812602249856804,
  "coref_recall": 0.5805128483712156,
  "coref_f1": 0.6266404461756876,
  "mention_recall": 0.9003238210888485,
  "loss": 50.99107473810343
}