{
  "coref_precision": 0.7304844754591474,
  "coref_recall": 0.6313664740019806,
  "coref_f1": 0.6773180204284698,
  "mention_recall": 0.899749373433584,
  "loss": 1.0051124122170036
}