{
  "coref_precision": 0.7640281113305806,
  "coref_recall": 0.6581107769044453,
  "coref_f1": 0.7071244989471449,
  "mention_recall": 0.8996235884567126,
  "loss": 0.8395426548409198
}