{
  "coref_precision": 0.7372967285729318,
  "coref_recall": 0.6568546726918051,
  "coref_f1": 0.6947428559320601,
  "mention_recall": 0.9096612296110415,
  "loss": 0.9620878422620694
}