{
  "coref_precision": 0.6477405173379286,
  "coref_recall": 0.5902512520159579,
  "coref_f1": 0.6176573021986776,
  "mention_recall": 0.9240196078431373,
  "loss": 1.2487799707397942
}