{
  "coref_precision": 0.5420574935896734,
  "coref_recall": 0.5033973880465107,
  "coref_f1": 0.52195777239077,
  "mention_recall": 0.9312039312039312,
  "loss": 2.110954878263667
}