{
  "coref_precision": 0.6455170715216183,
  "coref_recall": 0.5686499655339666,
  "coref_f1": 0.6046383888974983,
  "mention_recall": 0.9047619047619048,
  "loss": 1.303782422047248
}