{
  "coref_precision": 0.6863707994227456,
  "coref_recall": 0.6370419295664393,
  "coref_f1": 0.6607438449424783,
  "mention_recall": 0.9362745098039216,
  "loss": 1.3366554459982232
}