{
  "coref_precision": 0.5744126063165312,
  "coref_recall": 0.5258974285290074,
  "coref_f1": 0.5490811303709493,
  "mention_recall": 0.9238329238329238,
  "loss": 1.5883398150002022
}