{
  "coref_precision": 0.6882199354579873,
  "coref_recall": 0.5778281630815106,
  "coref_f1": 0.6280585137329633,
  "mention_recall": 0.9057883019631654,
  "loss": 54.21230138533604
}