{
  "coref_precision": 0.7786751567236324,
  "coref_recall": 0.6801700203061918,
  "coref_f1": 0.7260961784242314,
  "mention_recall": 0.9008782936010038,
  "loss": 0.8931418849951289
}