{
  "coref_precision": 0.5099211495052535,
  "coref_recall": 0.46616792230827303,
  "coref_f1": 0.487061061442637,
  "mention_recall": 0.9226044226044227,
  "loss": 2.2646402342892027
}