{
  "coref_precision": 0.7112172288787842,
  "coref_recall": 0.6503465443416424,
  "coref_f1": 0.6794204458969073,
  "mention_recall": 0.928921568627451,
  "loss": 1.1545935361069184
}