{
  "coref_precision": 0.7275384714756686,
  "coref_recall": 0.6345855687764564,
  "coref_f1": 0.6778854852718476,
  "mention_recall": 0.8984962406015038,
  "loss": 1.1666799446244498
}