{
  "coref_precision": 0.6869001156214903,
  "coref_recall": 0.5837818205012825,
  "coref_f1": 0.6310825734107859,
  "mention_recall": 0.9007791944950415,
  "loss": 50.905794220676796
}