{
  "coref_precision": 0.7376758853646583,
  "coref_recall": 0.6721306895626168,
  "coref_f1": 0.703379068579033,
  "mention_recall": 0.9084065244667503,
  "loss": 0.9529053274491001
}