{
  "coref_precision": 0.5550206705901939,
  "coref_recall": 0.5404829071495737,
  "coref_f1": 0.5476552170877937,
  "mention_recall": 0.9471744471744472,
  "loss": 1.6932990063335205
}