{
  "coref_precision": 0.6648573188159266,
  "coref_recall": 0.6492168416188024,
  "coref_f1": 0.6569439283230112,
  "mention_recall": 0.9485294117647058,
  "loss": 1.3405375669163833
}