{
  "coref_precision": 0.6935794706943154,
  "coref_recall": 0.6365531901012392,
  "coref_f1": 0.6638422731459093,
  "mention_recall": 0.9135338345864662,
  "loss": 1.0315325975325242
}