{
  "coref_precision": 0.6907942493608119,
  "coref_recall": 0.5725610754928857,
  "coref_f1": 0.6259786391657608,
  "mention_recall": 0.8959724752074479,
  "loss": 54.64207363048844
}