{
  "coref_precision": 0.6961519617440425,
  "coref_recall": 0.5574319879466938,
  "coref_f1": 0.6191133041520506,
  "mention_recall": 0.8786764705882353,
  "loss": 1.3139243389014263
}