{
  "coref_precision": 0.618277989883521,
  "coref_recall": 0.5012723275095624,
  "coref_f1": 0.5536598828419086,
  "mention_recall": 0.8671679197994987,
  "loss": 1.6770010574878405
}