{
  "coref_precision": 0.6892936178560202,
  "coref_recall": 0.55446192131549,
  "coref_f1": 0.6145670550473536,
  "mention_recall": 0.8682559598494354,
  "loss": 1.2675881975462735
}