{
  "coref_precision": 0.5393898788407653,
  "coref_recall": 0.43297919131252466,
  "coref_f1": 0.4803607490092867,
  "mention_recall": 0.8722358722358723,
  "loss": 1.9163231862011971
}