{
  "coref_precision": 0.698722398353869,
  "coref_recall": 0.5828883061834019,
  "coref_f1": 0.6352642128138618,
  "mention_recall": 0.9068508399109492,
  "loss": 52.66337666612509
}