{
  "coref_precision": 0.7116301088545184,
  "coref_recall": 0.5933088126061622,
  "coref_f1": 0.6471045905815261,
  "mention_recall": 0.9146800501882058,
  "loss": 1.1416539837923068
}