{
  "coref_precision": 0.553040238769963,
  "coref_recall": 0.48560346630522067,
  "coref_f1": 0.5171322510748516,
  "mention_recall": 0.918918918918919,
  "loss": 1.7471957774400053
}