{
  "coref_precision": 0.7053658197908951,
  "coref_recall": 0.5756239403725657,
  "coref_f1": 0.6339237795743781,
  "mention_recall": 0.9210526315789473,
  "loss": 1.2017020223276518
}