{
  "coref_precision": 0.683819305190054,
  "coref_recall": 0.5806498266227978,
  "coref_f1": 0.6279116628969927,
  "mention_recall": 0.9020947176684881,
  "loss": 52.52629408321073
}