{
  "coref_precision": 0.7437367992261269,
  "coref_recall": 0.6431051831068101,
  "coref_f1": 0.6897681168010455,
  "mention_recall": 0.9058971141781681,
  "loss": 1.1854033176970793
}