{
  "coref_precision": 0.6586550785694217,
  "coref_recall": 0.5863321790984337,
  "coref_f1": 0.6203827063840248,
  "mention_recall": 0.904642409033877,
  "loss": 1.4856704307591317
}