{
  "coref_precision": 0.6626858000458397,
  "coref_recall": 0.5973307837342925,
  "coref_f1": 0.6283124986603909,
  "mention_recall": 0.9115479115479116,
  "loss": 1.4439093801239333
}