{
  "coref_precision": 0.6936343823260023,
  "coref_recall": 0.5839256235128153,
  "coref_f1": 0.6339431012998096,
  "mention_recall": 0.9042703906091885,
  "loss": 51.979769621966355
}