{
  "coref_precision": 0.6833512557043435,
  "coref_recall": 0.5794546513404109,
  "coref_f1": 0.6269870965432799,
  "mention_recall": 0.8980975511030156,
  "loss": 51.104150272665635
}