{
  "coref_precision": 0.7406950905513554,
  "coref_recall": 0.6645372099024889,
  "coref_f1": 0.7005523407231516,
  "mention_recall": 0.9273182957393483,
  "loss": 1.2823152348538402
}