{
  "coref_precision": 0.7065187882216198,
  "coref_recall": 0.6755721901555236,
  "coref_f1": 0.6906976767658185,
  "mention_recall": 0.9387254901960784,
  "loss": 1.4807025701091092
}