{
  "coref_precision": 0.8436765402567522,
  "coref_recall": 0.7587583598679605,
  "coref_f1": 0.7989673145233862,
  "mention_recall": 0.9196988707653702,
  "loss": 0.8107045657678986
}