{
  "coref_precision": 0.6340083320621497,
  "coref_recall": 0.5754512701422887,
  "coref_f1": 0.6033032546945791,
  "mention_recall": 0.9172932330827067,
  "loss": 1.6338995246870969
}