{
  "coref_precision": 0.5574264954154108,
  "coref_recall": 0.5131133924993574,
  "coref_f1": 0.534351143811837,
  "mention_recall": 0.9275184275184275,
  "loss": 2.001501185029551
}