{
  "coref_precision": 0.7063586722942793,
  "coref_recall": 0.6139203969862059,
  "coref_f1": 0.656880795001665,
  "mention_recall": 0.903387703889586,
  "loss": 1.1957731053669256
}