{
  "coref_precision": 0.5458748454486863,
  "coref_recall": 0.5264996256224325,
  "coref_f1": 0.5360114191946992,
  "mention_recall": 0.9361179361179361,
  "loss": 2.2708953813922617
}