{
  "coref_precision": 0.69663841964148,
  "coref_recall": 0.6517610748002903,
  "coref_f1": 0.6734512699311793,
  "mention_recall": 0.9362745098039216,
  "loss": 1.2839064857510336
}