{
  "coref_precision": 0.6952869205348882,
  "coref_recall": 0.5799740323022747,
  "coref_f1": 0.632237658495039,
  "mention_recall": 0.9050799433313095,
  "loss": 52.312905106076805
}