{
  "coref_precision": 0.7396737822769107,
  "coref_recall": 0.6475440722069289,
  "coref_f1": 0.6905495046084035,
  "mention_recall": 0.9084065244667503,
  "loss": 1.0817204248640013
}