{
  "coref_precision": 0.5673661893524208,
  "coref_recall": 0.5091344135203784,
  "coref_f1": 0.5366701250539662,
  "mention_recall": 0.9164619164619164,
  "loss": 1.9463809496488222
}