{
  "coref_precision": 0.7908189887650391,
  "coref_recall": 0.6377444335963972,
  "coref_f1": 0.7060802399268087,
  "mention_recall": 0.8858218318695107,
  "loss": 0.8546238051538244
}