{
  "coref_precision": 0.545398883262549,
  "coref_recall": 0.5230309313642647,
  "coref_f1": 0.5338311157323044,
  "mention_recall": 0.9213759213759214,
  "loss": 2.1109641848272447
}