{
  "coref_precision": 0.6848513442328693,
  "coref_recall": 0.5882909588365798,
  "coref_f1": 0.6328213922269035,
  "mention_recall": 0.9014369560817648,
  "loss": 53.11586056340047
}