{
  "coref_precision": 0.6870998183776246,
  "coref_recall": 0.5776649451560812,
  "coref_f1": 0.6274913224842623,
  "mention_recall": 0.9004756122242461,
  "loss": 53.21707251504644
}