{
  "coref_precision": 0.678334299974089,
  "coref_recall": 0.6524097180959926,
  "coref_f1": 0.6650489797261178,
  "mention_recall": 0.9375,
  "loss": 1.7224766412151862
}