{
  "coref_precision": 0.4812886235177749,
  "coref_recall": 0.44625031730294884,
  "coref_f1": 0.4631076309075775,
  "mention_recall": 0.9434889434889435,
  "loss": 2.8721218981562195
}