{
  "coref_precision": 0.7897841654660357,
  "coref_recall": 0.7284823020117138,
  "coref_f1": 0.7578952285032937,
  "mention_recall": 0.946078431372549,
  "loss": 1.037895093234336
}