{
  "coref_precision": 0.6385491262997791,
  "coref_recall": 0.5567342775250604,
  "coref_f1": 0.5948095625240221,
  "mention_recall": 0.9060150375939849,
  "loss": 1.6421980362072193
}