{
  "coref_precision": 0.7244426466811557,
  "coref_recall": 0.6309181605171555,
  "coref_f1": 0.6744128798706371,
  "mention_recall": 0.9146800501882058,
  "loss": 1.1506241150523326
}