{
  "coref_precision": 0.5590990837227396,
  "coref_recall": 0.5340226761279393,
  "coref_f1": 0.5462265769138428,
  "mention_recall": 0.9385749385749386,
  "loss": 2.4878341407644498
}