{
  "coref_precision": 0.6775544176689516,
  "coref_recall": 0.5366093036752896,
  "coref_f1": 0.5989009694645486,
  "mention_recall": 0.9235588972431078,
  "loss": 1.5970704396894129
}