{
  "coref_precision": 0.8188439709161943,
  "coref_recall": 0.6716513588783197,
  "coref_f1": 0.7379796563899551,
  "mention_recall": 0.9196988707653702,
  "loss": 0.9420044183428934
}