{
  "coref_precision": 0.6992090118095416,
  "coref_recall": 0.5699766687301494,
  "coref_f1": 0.6277367869704169,
  "mention_recall": 0.9041185994737907,
  "loss": 54.65828349610427
}