{
  "coref_precision": 0.807542294869881,
  "coref_recall": 0.7087936391989622,
  "coref_f1": 0.7549523271881293,
  "mention_recall": 0.8971141781681304,
  "loss": 0.8331275892329142
}