{
  "coref_precision": 0.694268420616741,
  "coref_recall": 0.5706411066271482,
  "coref_f1": 0.626211552621572,
  "mention_recall": 0.9033090467516697,
  "loss": 51.16557900940239
}