{
  "coref_precision": 0.7275713589550467,
  "coref_recall": 0.6315067658089392,
  "coref_f1": 0.6761438472534652,
  "mention_recall": 0.924812030075188,
  "loss": 1.1440388149590253
}