{
  "coref_precision": 0.7692316297607782,
  "coref_recall": 0.6871591528952986,
  "coref_f1": 0.7258822969590163,
  "mention_recall": 0.9284818067754078,
  "loss": 0.9669303061575567
}