{
  "coref_precision": 0.7420027077026421,
  "coref_recall": 0.7100774316460591,
  "coref_f1": 0.7256882894799609,
  "mention_recall": 0.9522058823529411,
  "loss": 0.9651911666992373
}