{
  "coref_precision": 0.5123804427433546,
  "coref_recall": 0.49064938143885506,
  "coref_f1": 0.5012793771448049,
  "mention_recall": 0.9496314496314496,
  "loss": 2.167725068147214
}