{
  "coref_precision": 0.6903685656692806,
  "coref_recall": 0.5786693306030665,
  "coref_f1": 0.6294525101811638,
  "mention_recall": 0.9056871078729002,
  "loss": 54.04750784597863
}