{
  "coref_precision": 0.5806712262940924,
  "coref_recall": 0.4908993991083543,
  "coref_f1": 0.5320248652267451,
  "mention_recall": 0.9097744360902256,
  "loss": 2.1392898443696793
}