{
  "coref_precision": 0.7666004961283076,
  "coref_recall": 0.6938684817361289,
  "coref_f1": 0.7284178493770831,
  "mention_recall": 0.9191176470588235,
  "loss": 0.990812838299356
}