{
  "coref_precision": 0.4835745592367792,
  "coref_recall": 0.4403598973774412,
  "coref_f1": 0.46095517198923686,
  "mention_recall": 0.9226044226044227,
  "loss": 2.3870206109482757
}