{
  "coref_precision": 0.8246862307538795,
  "coref_recall": 0.6905816288482584,
  "coref_f1": 0.7516971329483214,
  "mention_recall": 0.903387703889586,
  "loss": 0.8791183639599246
}