{
  "coref_precision": 0.6924734146974788,
  "coref_recall": 0.5736159875340806,
  "coref_f1": 0.6272385877122985,
  "mention_recall": 0.903865614248128,
  "loss": 54.47641664178466
}