{
  "coref_precision": 0.5923682807200302,
  "coref_recall": 0.511009134293448,
  "coref_f1": 0.5486890186817912,
  "mention_recall": 0.8933823529411765,
  "loss": 1.789597648969119
}