{
  "coref_precision": 0.7073993116734932,
  "coref_recall": 0.5885726573014001,
  "coref_f1": 0.6425363044941887,
  "mention_recall": 0.8833124215809285,
  "loss": 1.2785849283911388
}