{
  "coref_precision": 0.6962854267125177,
  "coref_recall": 0.5690818340611571,
  "coref_f1": 0.6259928195460528,
  "mention_recall": 0.9034608378870674,
  "loss": 51.60333539581665
}