{
  "coref_precision": 0.6979179410574331,
  "coref_recall": 0.5743842962232978,
  "coref_f1": 0.6298859671178003,
  "mention_recall": 0.903157255616272,
  "loss": 53.24381996880435
}