{
  "coref_precision": 0.6610951727921938,
  "coref_recall": 0.5700953820553193,
  "coref_f1": 0.6122320871133107,
  "mention_recall": 0.9097744360902256,
  "loss": 1.5102505442540752
}