{
  "coref_precision": 0.7134252068671412,
  "coref_recall": 0.6402205410783842,
  "coref_f1": 0.674832670047037,
  "mention_recall": 0.9276960784313726,
  "loss": 1.1731714622947038
}