{
  "coref_precision": 0.7624382859350346,
  "coref_recall": 0.659821909924461,
  "coref_f1": 0.7074281068264273,
  "mention_recall": 0.9096612296110415,
  "loss": 1.0557325972410898
}