{
  "coref_precision": 0.6889758987049831,
  "coref_recall": 0.5996889435431568,
  "coref_f1": 0.641239130908022,
  "mention_recall": 0.8958594730238394,
  "loss": 1.0054070473554222
}