{
  "coref_precision": 0.5278177181040536,
  "coref_recall": 0.4718614148438709,
  "coref_f1": 0.4982705869163488,
  "mention_recall": 0.9238329238329238,
  "loss": 2.2296860628845354
}