{
  "coref_precision": 0.5077126424488766,
  "coref_recall": 0.44157345786699026,
  "coref_f1": 0.47233873005343335,
  "mention_recall": 0.8972431077694235,
  "loss": 1.7337221434594576
}