{
  "coref_precision": 0.7223286067276433,
  "coref_recall": 0.6503628134755585,
  "coref_f1": 0.6844571658995262,
  "mention_recall": 0.928921568627451,
  "loss": 1.0329981426041768
}