{
  "coref_precision": 0.509905155178589,
  "coref_recall": 0.45333136166469495,
  "coref_f1": 0.4799541068860334,
  "mention_recall": 0.9275184275184275,
  "loss": 1.912967924129125
}