{
  "coref_precision": 0.5923803722353115,
  "coref_recall": 0.48662498223901735,
  "coref_f1": 0.534313765306738,
  "mention_recall": 0.8722358722358723,
  "loss": 1.5022800296365884
}