{
  "coref_precision": 0.622273695966416,
  "coref_recall": 0.5079441119882296,
  "coref_f1": 0.5592976645529607,
  "mention_recall": 0.8799019607843137,
  "loss": 1.410095060822605
}