{
  "coref_precision": 0.6947222713604306,
  "coref_recall": 0.5755840578740022,
  "coref_f1": 0.6293411104186813,
  "mention_recall": 0.9008297915401741,
  "loss": 55.40613423597975
}