{
  "coref_precision": 0.8406427900545549,
  "coref_recall": 0.698801900760774,
  "coref_f1": 0.7631872493726064,
  "mention_recall": 0.8795483061480552,
  "loss": 0.6156122593964802
}