{
  "coref_precision": 0.739299231328724,
  "coref_recall": 0.6311485536975733,
  "coref_f1": 0.6809431459816158,
  "mention_recall": 0.8872549019607843,
  "loss": 0.9625747832872517
}