{
  "coref_precision": 0.5272131130434917,
  "coref_recall": 0.4925387565738443,
  "coref_f1": 0.5092612135891024,
  "mention_recall": 0.9201474201474201,
  "loss": 1.96760456134585
}