{
  "coref_precision": 0.7067074974199697,
  "coref_recall": 0.6376849215693134,
  "coref_f1": 0.6704228817556294,
  "mention_recall": 0.9084065244667503,
  "loss": 1.1942328917258613
}