{
  "coref_precision": 0.6870291720230061,
  "coref_recall": 0.5744242279497435,
  "coref_f1": 0.6254958604136106,
  "mention_recall": 0.9018417324428254,
  "loss": 53.358997023820976
}