{
  "coref_precision": 0.7308993665872704,
  "coref_recall": 0.6288042658140697,
  "coref_f1": 0.676017192538826,
  "mention_recall": 0.9129901960784313,
  "loss": 1.2851330499556741
}