{
  "coref_precision": 0.5430862321918863,
  "coref_recall": 0.4604357148216797,
  "coref_f1": 0.4983570622806202,
  "mention_recall": 0.914004914004914,
  "loss": 2.2891288512797674
}