{
  "coref_precision": 0.8076141246103642,
  "coref_recall": 0.687556488569796,
  "coref_f1": 0.7427644797848755,
  "mention_recall": 0.9121706398996235,
  "loss": 0.8620760133346982
}