{
  "coref_precision": 0.7081893473782692,
  "coref_recall": 0.5982488068505352,
  "coref_f1": 0.648587859462883,
  "mention_recall": 0.9110275689223057,
  "loss": 1.460593295388672
}