{
  "coref_precision": 0.6942980110694495,
  "coref_recall": 0.5713068761645056,
  "coref_f1": 0.6266343981405417,
  "mention_recall": 0.9052823315118397,
  "loss": 53.1342865887644
}