{
  "coref_precision": 0.4659539448653674,
  "coref_recall": 0.41923015519506746,
  "coref_f1": 0.44135670492236706,
  "mention_recall": 0.9287469287469288,
  "loss": 2.3306076229656627
}