{
  "coref_precision": 0.7967664553194268,
  "coref_recall": 0.7166213370870235,
  "coref_f1": 0.7545651326046791,
  "mention_recall": 0.9215686274509803,
  "loss": 0.9013765279429674
}