{
  "coref_precision": 0.6304985062808192,
  "coref_recall": 0.5474220376812678,
  "coref_f1": 0.5860300090808738,
  "mention_recall": 0.899749373433584,
  "loss": 1.4151644943363608
}