{
  "coref_precision": 0.8687979771861419,
  "coref_recall": 0.7517785076953342,
  "coref_f1": 0.8060564723565381,
  "mention_recall": 0.9058971141781681,
  "loss": 0.6202051240539109
}