{
  "coref_precision": 0.739772016206277,
  "coref_recall": 0.6447687891521356,
  "coref_f1": 0.6890069636024377,
  "mention_recall": 0.8959899749373433,
  "loss": 1.0731135722409295
}