{
  "coref_precision": 0.5528644516002137,
  "coref_recall": 0.4804386523684769,
  "coref_f1": 0.5141103097876468,
  "mention_recall": 0.9017199017199017,
  "loss": 2.0328198280070713
}