{
  "coref_precision": 0.7800296350424226,
  "coref_recall": 0.6763321856653458,
  "coref_f1": 0.7244790912602692,
  "mention_recall": 0.9008782936010038,
  "loss": 0.9882756030705424
}