{
  "coref_precision": 0.6861228892974333,
  "coref_recall": 0.5869662162368123,
  "coref_f1": 0.6325935465683657,
  "mention_recall": 0.8954159077109897,
  "loss": 53.29562544459714
}