{
  "coref_precision": 0.5681816957861608,
  "coref_recall": 0.505749860135825,
  "coref_f1": 0.5351507540036264,
  "mention_recall": 0.9152334152334153,
  "loss": 2.280477984386799
}