{
  "coref_precision": 0.8535767597762521,
  "coref_recall": 0.6999422510308094,
  "coref_f1": 0.7691625103476705,
  "mention_recall": 0.9259723964868256,
  "loss": 0.9329607326880526
}