{
  "coref_precision": 0.697999486922074,
  "coref_recall": 0.6201204976940271,
  "coref_f1": 0.6567592878449929,
  "mention_recall": 0.9093137254901961,
  "loss": 1.6167080169090875
}