{
  "coref_precision": 0.7785581271119062,
  "coref_recall": 0.6292064304436652,
  "coref_f1": 0.6959598045017343,
  "mention_recall": 0.924812030075188,
  "loss": 1.3029398112211015
}