{
  "coref_precision": 0.6822580627980699,
  "coref_recall": 0.5829113736695087,
  "coref_f1": 0.6286129894742976,
  "mention_recall": 0.9060918842339607,
  "loss": 54.64750363473545
}