{
  "coref_precision": 0.5872268722670587,
  "coref_recall": 0.520555078207605,
  "coref_f1": 0.5518838154475763,
  "mention_recall": 0.899749373433584,
  "loss": 1.5333305240838846
}