{
  "coref_precision": 0.5137102265953704,
  "coref_recall": 0.4553604641323939,
  "coref_f1": 0.48277784568227616,
  "mention_recall": 0.9250614250614251,
  "loss": 2.161111793391297
}