{
  "coref_precision": 0.7186552436488532,
  "coref_recall": 0.6338274027847929,
  "coref_f1": 0.6735795735000205,
  "mention_recall": 0.9021329987452948,
  "loss": 1.1037562801414578
}