{
  "coref_precision": 0.719593722370472,
  "coref_recall": 0.6403248167954051,
  "coref_f1": 0.677648391677328,
  "mention_recall": 0.9215686274509803,
  "loss": 1.2085213089349836
}