{
  "coref_precision": 0.861700248207331,
  "coref_recall": 0.688100756094954,
  "coref_f1": 0.7651761664192437,
  "mention_recall": 0.8745294855708908,
  "loss": 0.6262041956746551
}