{
  "coref_precision": 0.48426776669920796,
  "coref_recall": 0.4130862521213398,
  "coref_f1": 0.44584558512428546,
  "mention_recall": 0.8968058968058968,
  "loss": 2.3810787483110487
}