{
  "coref_precision": 0.6811495587957671,
  "coref_recall": 0.585615406879102,
  "coref_f1": 0.6295640689417441,
  "mention_recall": 0.9038150172029954,
  "loss": 51.79948286535004
}