{
  "coref_precision": 0.5640607758254816,
  "coref_recall": 0.5329465829465828,
  "coref_f1": 0.5480620687095992,
  "mention_recall": 0.9238329238329238,
  "loss": 2.067738033310548
}