{
  "coref_precision": 0.6853344368050251,
  "coref_recall": 0.6459793429156174,
  "coref_f1": 0.6650745900935505,
  "mention_recall": 0.9301470588235294,
  "loss": 1.5022559816273962
}