{
  "coref_precision": 0.7178187270456021,
  "coref_recall": 0.650111408477473,
  "coref_f1": 0.6822893296201138,
  "mention_recall": 0.9147869674185464,
  "loss": 1.388322742188654
}