{
  "coref_precision": 0.7590451868538617,
  "coref_recall": 0.6785890185523943,
  "coref_f1": 0.7165649768278918,
  "mention_recall": 0.903387703889586,
  "loss": 1.1828357766431856
}