{
  "coref_precision": 0.691596472523936,
  "coref_recall": 0.568551078874483,
  "coref_f1": 0.6238003750201618,
  "mention_recall": 0.8989071038251366,
  "loss": 50.822534549855575
}