{
  "coref_precision": 0.7253691860475335,
  "coref_recall": 0.5204723640859618,
  "coref_f1": 0.6060698877025787,
  "mention_recall": 0.9071518193224593,
  "loss": 1.2841402814950922
}