{
  "coref_precision": 0.6582211228216215,
  "coref_recall": 0.49655109493417954,
  "coref_f1": 0.5660684835228146,
  "mention_recall": 0.899749373433584,
  "loss": 1.4988226769757922
}