{
  "coref_precision": 0.6910365348691693,
  "coref_recall": 0.6371271656810872,
  "coref_f1": 0.6629874791466194,
  "mention_recall": 0.9375,
  "loss": 1.3745072106292338
}