{
  "coref_precision": 0.5784481512217841,
  "coref_recall": 0.528547606617782,
  "coref_f1": 0.552372583781461,
  "mention_recall": 0.9385749385749386,
  "loss": 1.6970212617560159
}