{
  "coref_precision": 0.7009622166654809,
  "coref_recall": 0.5748761046222581,
  "coref_f1": 0.6315373479401077,
  "mention_recall": 0.9028536733454766,
  "loss": 52.953800663448355
}