{
  "coref_precision": 0.6953953491448169,
  "coref_recall": 0.5807401438071619,
  "coref_f1": 0.6327387051357628,
  "mention_recall": 0.8949099372596641,
  "loss": 57.24150122504383
}