{
  "coref_precision": 0.5546104490650048,
  "coref_recall": 0.49636326917028667,
  "coref_f1": 0.523872332433689,
  "mention_recall": 0.9090909090909091,
  "loss": 2.0824036856277055
}