{
  "coref_precision": 0.6713748022538616,
  "coref_recall": 0.5595708704899592,
  "coref_f1": 0.6103943662569966,
  "mention_recall": 0.8984962406015038,
  "loss": 1.4633855863503944
}