{
  "coref_precision": 0.7864336686857262,
  "coref_recall": 0.6576886862536445,
  "coref_f1": 0.7163220017056227,
  "mention_recall": 0.9021329987452948,
  "loss": 0.9596482195963033
}