{
  "coref_precision": 0.6727475801025583,
  "coref_recall": 0.6018436583387564,
  "coref_f1": 0.6353209003574561,
  "mention_recall": 0.9056372549019608,
  "loss": 1.4258709729275627
}