{
  "coref_precision": 0.7321182126597475,
  "coref_recall": 0.6413308662954311,
  "coref_f1": 0.6837232390926115,
  "mention_recall": 0.8946047678795483,
  "loss": 1.140464280301327
}