{
  "coref_precision": 0.50250868029574,
  "coref_recall": 0.4654217272638325,
  "coref_f1": 0.4832524590489758,
  "mention_recall": 0.9250614250614251,
  "loss": 2.2791669082909554
}