{
  "coref_precision": 0.7163372217423079,
  "coref_recall": 0.6701296932914579,
  "coref_f1": 0.692461847228245,
  "mention_recall": 0.9264705882352942,
  "loss": 1.128841903259064
}