{
  "coref_precision": 0.6951741063444169,
  "coref_recall": 0.5763838564079004,
  "coref_f1": 0.6300871449002571,
  "mention_recall": 0.898401133373811,
  "loss": 56.00422301376941
}