{
  "coref_precision": 0.6913633841963739,
  "coref_recall": 0.5805737276762356,
  "coref_f1": 0.6310049722292495,
  "mention_recall": 0.9037644201578627,
  "loss": 53.46703180434529
}