{
  "coref_precision": 0.6769598018201778,
  "coref_recall": 0.5963258093724184,
  "coref_f1": 0.6340896080112917,
  "mention_recall": 0.8922305764411027,
  "loss": 1.2392202162422383
}