{
  "coref_precision": 0.6741834394350117,
  "coref_recall": 0.5332865293348339,
  "coref_f1": 0.5955130644365886,
  "mention_recall": 0.863237139272271,
  "loss": 1.4855189263758082
}