{
  "coref_precision": 0.6365624493919824,
  "coref_recall": 0.48527371496735205,
  "coref_f1": 0.5507160668633434,
  "mention_recall": 0.8483709273182958,
  "loss": 1.5804890410318155
}