{
  "coref_precision": 0.6940771536396385,
  "coref_recall": 0.6255705396636769,
  "coref_f1": 0.6580447192958664,
  "mention_recall": 0.9227941176470589,
  "loss": 1.218624722183409
}