{
  "coref_precision": 0.6436633144989381,
  "coref_recall": 0.5298468461458657,
  "coref_f1": 0.5812356115360566,
  "mention_recall": 0.8688725490196079,
  "loss": 1.345180280157938
}