{
  "coref_precision": 0.5463264513106937,
  "coref_recall": 0.481573878503703,
  "coref_f1": 0.5119077945719458,
  "mention_recall": 0.9226044226044227,
  "loss": 1.8845240555957055
}