{
  "coref_precision": 0.5728137650262832,
  "coref_recall": 0.4833135368223087,
  "coref_f1": 0.5242684888774599,
  "mention_recall": 0.8783783783783784,
  "loss": 1.935504251307309
}