{
  "coref_precision": 0.7033827012508462,
  "coref_recall": 0.6221410040043871,
  "coref_f1": 0.6602721174241543,
  "mention_recall": 0.8895859473023839,
  "loss": 1.1016720874127468
}