{
  "coref_precision": 0.6937825702180334,
  "coref_recall": 0.5796307354200841,
  "coref_f1": 0.6314705476011282,
  "mention_recall": 0.9042703906091885,
  "loss": 53.63588028335569
}