{
  "coref_precision": 0.6534304336363511,
  "coref_recall": 0.5850522372452197,
  "coref_f1": 0.6173488866609159,
  "mention_recall": 0.9041769041769042,
  "loss": 1.3805937749299277
}