{
  "coref_precision": 0.6880697640528064,
  "coref_recall": 0.5880302680184771,
  "coref_f1": 0.6341268794932698,
  "mention_recall": 0.8971141781681304,
  "loss": 1.219202537580915
}