{
  "coref_precision": 0.6941825391629827,
  "coref_recall": 0.5711964222152361,
  "coref_f1": 0.6265058396077712,
  "mention_recall": 0.9045233758348512,
  "loss": 55.8290829749155
}