{
  "coref_precision": 0.6669690386263549,
  "coref_recall": 0.6012587947636967,
  "coref_f1": 0.6324084242061853,
  "mention_recall": 0.9203431372549019,
  "loss": 1.437212059204062
}