{
  "coref_precision": 0.5513414626703139,
  "coref_recall": 0.4890607114291325,
  "coref_f1": 0.5183346061191416,
  "mention_recall": 0.9176904176904177,
  "loss": 2.2580775072057087
}