{
  "coref_precision": 0.6842348724701665,
  "coref_recall": 0.5680313717103452,
  "coref_f1": 0.6207402081480082,
  "mention_recall": 0.8721804511278195,
  "loss": 1.3819896498981095
}