{
  "coref_precision": 0.7726965583254811,
  "coref_recall": 0.643484075942062,
  "coref_f1": 0.7021955612084932,
  "mention_recall": 0.8808030112923463,
  "loss": 0.9907173014857732
}