{
  "coref_precision": 0.6999916470423536,
  "coref_recall": 0.5704368545448204,
  "coref_f1": 0.6283185340662611,
  "mention_recall": 0.9040174053835256,
  "loss": 52.425738654154266
}