{
  "coref_precision": 0.611292224716217,
  "coref_recall": 0.5420693866772298,
  "coref_f1": 0.5745920328210629,
  "mention_recall": 0.9203431372549019,
  "loss": 1.6049830825285234
}