{
  "coref_precision": 0.8069545795314618,
  "coref_recall": 0.6570203399347153,
  "coref_f1": 0.7243092640447951,
  "mention_recall": 0.9022556390977443,
  "loss": 0.895970435731793
}