Config: 7 and False and 1000000
Result: (-0.2270128181578094, -1.375440545096737, 0.9976689976689976)
0.05033131996790568