Config: 8 and False and 1000000
Result: (-0.22009994632255464, -1.2202138936283293, 0.9937839937839937)
0.05215272506078084