Config: 6b and False and 1000000
Result: (-0.5451233768720645, -0.6829280761628977, 0.9041181041181041)
0.05174187031057146