{
  "coref_precision": 0.6977354281620493,
  "coref_recall": 0.5789433564327832,
  "coref_f1": 0.6326053133580292,
  "mention_recall": 0.9033090467516697,
  "loss": 52.29428161674543
}