{
  "coref_precision": 0.7182518348925777,
  "coref_recall": 0.6450214681832329,
  "coref_f1": 0.6796652534245462,
  "mention_recall": 0.9227941176470589,
  "loss": 1.1230043263011324
}