{
  "coref_precision": 0.6880090007406435,
  "coref_recall": 0.5865744748459064,
  "coref_f1": 0.6331077675313863,
  "mention_recall": 0.9038150172029954,
  "loss": 51.850175321219226
}