{
  "coref_precision": 0.6986655372155051,
  "coref_recall": 0.6475456007318753,
  "coref_f1": 0.6721282198883971,
  "mention_recall": 0.9276960784313726,
  "loss": 1.0800984590870863
}