{
  "coref_precision": 0.8163796724687274,
  "coref_recall": 0.7032183734252276,
  "coref_f1": 0.7555848595922979,
  "mention_recall": 0.8946047678795483,
  "loss": 0.6497311041841691
}