{
  "coref_precision": 0.5684852630885712,
  "coref_recall": 0.5264349676630378,
  "coref_f1": 0.5466488442790297,
  "mention_recall": 0.9299754299754299,
  "loss": 1.7666989961147768
}