{
  "coref_precision": 0.6887952427775437,
  "coref_recall": 0.5823951934713915,
  "coref_f1": 0.6311411105599222,
  "mention_recall": 0.8872180451127819,
  "loss": 1.0585552318607008
}