{
  "coref_precision": 0.6906260828808337,
  "coref_recall": 0.578267446272469,
  "coref_f1": 0.6293402264379212,
  "mention_recall": 0.9031066585711395,
  "loss": 57.12675474510908
}