{
  "coref_precision": 0.690023535050624,
  "coref_recall": 0.6136126672891379,
  "coref_f1": 0.6495759663386749,
  "mention_recall": 0.9129901960784313,
  "loss": 1.2820272835190212
}