{
  "coref_precision": 0.5220964855287017,
  "coref_recall": 0.4637171062609659,
  "coref_f1": 0.49117426301192596,
  "mention_recall": 0.9090909090909091,
  "loss": 2.157273015079135
}