{
  "coref_precision": 0.6976821663006363,
  "coref_recall": 0.5716579208923207,
  "coref_f1": 0.628170421810539,
  "mention_recall": 0.9069014369560817,
  "loss": 53.431079559879855
}