{
  "coref_precision": 0.5767552197144689,
  "coref_recall": 0.5010421106912334,
  "coref_f1": 0.5362323388391225,
  "mention_recall": 0.9201474201474201,
  "loss": 1.9013235388457428
}