{
  "coref_precision": 0.6050807209579329,
  "coref_recall": 0.49412986395835307,
  "coref_f1": 0.5440054376914635,
  "mention_recall": 0.87468671679198,
  "loss": 1.4595624727453962
}