{
  "coref_precision": 0.6895505259250521,
  "coref_recall": 0.5586338159202578,
  "coref_f1": 0.6172264463777429,
  "mention_recall": 0.8808030112923463,
  "loss": 1.2238325573671522
}