{
  "coref_precision": 0.7007903760165576,
  "coref_recall": 0.6091894080864669,
  "coref_f1": 0.6517754629572626,
  "mention_recall": 0.9240196078431373,
  "loss": 1.1880482240728163
}