{
  "coref_precision": 0.6893246262804791,
  "coref_recall": 0.5782469164475144,
  "coref_f1": 0.628789832471917,
  "mention_recall": 0.9065472576401539,
  "loss": 50.67601001582305
}