{
  "coref_precision": 0.6909193847425205,
  "coref_recall": 0.5912604335523364,
  "coref_f1": 0.6370841231331491,
  "mention_recall": 0.898401133373811,
  "loss": 52.45133084049838
}