{
  "coref_precision": 0.6904265025005832,
  "coref_recall": 0.6677944241669732,
  "coref_f1": 0.6789211310306756,
  "mention_recall": 0.9276960784313726,
  "loss": 1.367228253293158
}