{
  "coref_precision": 0.5578903478098415,
  "coref_recall": 0.5019969360307145,
  "coref_f1": 0.5284695012759083,
  "mention_recall": 0.87468671679198,
  "loss": 1.869743619179357
}