{
  "coref_precision": 0.6966841268718126,
  "coref_recall": 0.6005422087053404,
  "coref_f1": 0.6450486313420064,
  "mention_recall": 0.9273182957393483,
  "loss": 1.1867863156921725
}