{
  "coref_precision": 0.5367485257236396,
  "coref_recall": 0.5152915275722293,
  "coref_f1": 0.5258002842829391,
  "mention_recall": 0.918918918918919,
  "loss": 2.2898717189478868
}