{
  "coref_precision": 0.8037574959746766,
  "coref_recall": 0.7071408362496306,
  "coref_f1": 0.7523581708119202,
  "mention_recall": 0.9297365119196989,
  "loss": 0.8407773156189462
}