{
  "coref_precision": 0.7397989692273553,
  "coref_recall": 0.6511596533045421,
  "coref_f1": 0.692654782225787,
  "mention_recall": 0.8782936010037641,
  "loss": 0.9844764658590862
}