{
  "coref_precision": 0.5125331348206958,
  "coref_recall": 0.4944395352290088,
  "coref_f1": 0.5033237578565911,
  "mention_recall": 0.9582309582309583,
  "loss": 2.0580775394698847
}