{
  "coref_precision": 0.7465488715418361,
  "coref_recall": 0.7157078487960842,
  "coref_f1": 0.730801726877568,
  "mention_recall": 0.9571078431372549,
  "loss": 1.039688891070046
}