{
  "coref_precision": 0.6926751235324878,
  "coref_recall": 0.5694933570998981,
  "coref_f1": 0.6247638861383683,
  "mention_recall": 0.9008803885853066,
  "loss": 49.752713881978956
}