{
  "coref_precision": 0.6026775753182069,
  "coref_recall": 0.5558010780254824,
  "coref_f1": 0.5782908875700267,
  "mention_recall": 0.9348370927318296,
  "loss": 1.4671529418993312
}