{
  "coref_precision": 0.5665877474230131,
  "coref_recall": 0.5547746367921805,
  "coref_f1": 0.5605886330004606,
  "mention_recall": 0.9533169533169533,
  "loss": 1.7057577413436251
}