{
  "coref_precision": 0.6812571074535798,
  "coref_recall": 0.6662268695356931,
  "coref_f1": 0.6736507474622409,
  "mention_recall": 0.9497549019607843,
  "loss": 1.1778266062613723
}