{
  "coref_precision": 0.6987924374716826,
  "coref_recall": 0.6443671724316307,
  "coref_f1": 0.6704759369357512,
  "mention_recall": 0.9284818067754078,
  "loss": 1.1359451012171433
}