{
  "coref_precision": 0.6837122150164454,
  "coref_recall": 0.580344655362679,
  "coref_f1": 0.6277227565762195,
  "mention_recall": 0.8996660595021251,
  "loss": 52.88624080078761
}