{
  "coref_precision": 0.7945720095322552,
  "coref_recall": 0.7055909863293849,
  "coref_f1": 0.7474424653122513,
  "mention_recall": 0.917189460476788,
  "loss": 0.8398012639172937
}