{
  "coref_precision": 0.6962692774741953,
  "coref_recall": 0.6391750134397193,
  "coref_f1": 0.6664969816876564,
  "mention_recall": 0.9191176470588235,
  "loss": 1.27795146083631
}