{
  "coref_precision": 0.5425737559009618,
  "coref_recall": 0.4985407656460287,
  "coref_f1": 0.5196260792794992,
  "mention_recall": 0.9213759213759214,
  "loss": 1.9920416695582306
}