{
  "coref_precision": 0.6774817492253096,
  "coref_recall": 0.6050035102077521,
  "coref_f1": 0.6391944738190252,
  "mention_recall": 0.918546365914787,
  "loss": 1.3786399909248845
}