{
  "coref_precision": 0.6948941675415853,
  "coref_recall": 0.571986966439851,
  "coref_f1": 0.6272215000776572,
  "mention_recall": 0.901183970856102,
  "loss": 55.17888713194507
}