{
  "coref_precision": 0.6944629752216839,
  "coref_recall": 0.5744275881927006,
  "coref_f1": 0.6285470022365341,
  "mention_recall": 0.904675166970249,
  "loss": 53.61941686563258
}