{
  "coref_precision": 0.4845134794658604,
  "coref_recall": 0.4376969473460701,
  "coref_f1": 0.4599130670165874,
  "mention_recall": 0.9262899262899262,
  "loss": 2.58935042271537
}