{
  "coref_precision": 0.7535672783085566,
  "coref_recall": 0.6860623626554999,
  "coref_f1": 0.718231867026122,
  "mention_recall": 0.9325980392156863,
  "loss": 1.2140233421700792
}