{
  "coref_precision": 0.7825396026238396,
  "coref_recall": 0.6511269511353993,
  "coref_f1": 0.7108102742160721,
  "mention_recall": 0.8870765370138017,
  "loss": 1.0126766431594716
}