{
  "coref_precision": 0.7400694050528108,
  "coref_recall": 0.6639674051438759,
  "coref_f1": 0.6999446021237793,
  "mention_recall": 0.9154411764705882,
  "loss": 1.2442330870072353
}