{
  "coref_precision": 0.6673374688614273,
  "coref_recall": 0.5866868569735812,
  "coref_f1": 0.6244176377389354,
  "mention_recall": 0.9097744360902256,
  "loss": 1.4425737668607808
}