{
  "coref_precision": 0.6189091594285576,
  "coref_recall": 0.5171057543602712,
  "coref_f1": 0.5634448226136645,
  "mention_recall": 0.8847117794486216,
  "loss": 1.7503193647001623
}