{
  "coref_precision": 0.8054214350251384,
  "coref_recall": 0.7080255677949805,
  "coref_f1": 0.753585639995725,
  "mention_recall": 0.9021329987452948,
  "loss": 1.0510350575934648
}