{
  "coref_precision": 0.5169271661644074,
  "coref_recall": 0.47839047181152433,
  "coref_f1": 0.4969084697414771,
  "mention_recall": 0.9348894348894349,
  "loss": 2.8698122140687627
}