{
  "coref_precision": 0.6872412742857622,
  "coref_recall": 0.5793869177374232,
  "coref_f1": 0.6285815833077439,
  "mention_recall": 0.902701882210079,
  "loss": 51.159969524563365
}