{
  "coref_precision": 0.5734279443901295,
  "coref_recall": 0.543926861470721,
  "coref_f1": 0.5582830670594824,
  "mention_recall": 0.9299754299754299,
  "loss": 1.787691067293035
}