{
  "coref_precision": 0.697472433274925,
  "coref_recall": 0.5784285648766289,
  "coref_f1": 0.6322215428140346,
  "mention_recall": 0.9057377049180327,
  "loss": 52.86238556640874
}