{
  "coref_precision": 0.42061183448036904,
  "coref_recall": 0.3897252116550362,
  "coref_f1": 0.40457335012330836,
  "mention_recall": 0.9275184275184275,
  "loss": 2.5425241951274664
}