{
  "coref_precision": 0.8024337676020146,
  "coref_recall": 0.7382041705571117,
  "coref_f1": 0.7689690841799613,
  "mention_recall": 0.9313725490196079,
  "loss": 0.7787039531651518
}