{
  "coref_precision": 0.6149490539263309,
  "coref_recall": 0.5592040178843006,
  "coref_f1": 0.5857526311614697,
  "mention_recall": 0.9223057644110275,
  "loss": 1.6154963869249983
}