{
  "coref_precision": 0.6943628334556916,
  "coref_recall": 0.5696792124259246,
  "coref_f1": 0.6255396628302714,
  "mention_recall": 0.9047763610605141,
  "loss": 57.73989527576771
}