{
  "coref_precision": 0.6557059454292635,
  "coref_recall": 0.5954046180761868,
  "coref_f1": 0.6240975947405603,
  "mention_recall": 0.9264705882352942,
  "loss": 1.3521550221448944
}