{
  "coref_precision": 0.6361934218807229,
  "coref_recall": 0.5586789981134049,
  "coref_f1": 0.5949206591314172,
  "mention_recall": 0.9010025062656641,
  "loss": 1.535420769254763
}