{
  "coref_precision": 0.5707172996022655,
  "coref_recall": 0.5122826973704165,
  "coref_f1": 0.5399186683435183,
  "mention_recall": 0.9127764127764127,
  "loss": 1.8707735740355464
}