Config: 7 and False and 1000000
Result: (0.1205303263229217, 0.8633256653874777, 0.04397824397824398)
0.04096942524115244