Config: 6b and False and 1000000
Result: (-0.24835569833639215, -0.31935135776844426, 0.7257964257964258)
0.041009585857391354