Config: 8 and False and 1000000
Result: (0.10258130277545145, 0.6773643701474471, 0.1020979020979021)
0.040662406020694306