{
  "coref_precision": 0.7862802436857103,
  "coref_recall": 0.620808093608292,
  "coref_f1": 0.6938126924968406,
  "mention_recall": 0.8883312421580929,
  "loss": 1.0049007633476896
}