{
  "coref_precision": 0.6964757935433196,
  "coref_recall": 0.5723388054461525,
  "coref_f1": 0.6281124298796471,
  "mention_recall": 0.9039162112932605,
  "loss": 57.294854939963415
}