{
  "coref_precision": 0.8227926122070975,
  "coref_recall": 0.7133602291054489,
  "coref_f1": 0.7641766411858714,
  "mention_recall": 0.9058971141781681,
  "loss": 0.8039847763541688
}