{
  "coref_precision": 0.8004361212205918,
  "coref_recall": 0.7248159112129701,
  "coref_f1": 0.7607510642060676,
  "mention_recall": 0.9203431372549019,
  "loss": 0.7964011300975765
}