{
  "coref_precision": 0.5212182456704597,
  "coref_recall": 0.44360880529380137,
  "coref_f1": 0.47929184539011915,
  "mention_recall": 0.9072681704260651,
  "loss": 2.3313210635795247
}