{
  "coref_precision": 0.6849331856991432,
  "coref_recall": 0.5650489577630191,
  "coref_f1": 0.6192394769995699,
  "mention_recall": 0.9047619047619048,
  "loss": 1.4537093652038877
}