{
  "coref_precision": 0.5697138152870186,
  "coref_recall": 0.510113422832721,
  "coref_f1": 0.5382643107126918,
  "mention_recall": 0.9127764127764127,
  "loss": 1.8568230532055443
}