{
  "coref_precision": 0.6929601148137051,
  "coref_recall": 0.5928207797975036,
  "coref_f1": 0.6389895783005968,
  "mention_recall": 0.8870765370138017,
  "loss": 1.1122165610144115
}