{
  "coref_precision": 0.6908231861878029,
  "coref_recall": 0.5833012766326294,
  "coref_f1": 0.6324078424686814,
  "mention_recall": 0.9042197935640559,
  "loss": 52.875436173685046
}