{
  "coref_precision": 0.6161655898846458,
  "coref_recall": 0.5839544488667295,
  "coref_f1": 0.5996225873134304,
  "mention_recall": 0.9385749385749386,
  "loss": 1.7291567822165674
}