{
  "coref_precision": 0.7486892379964124,
  "coref_recall": 0.6822500809539301,
  "coref_f1": 0.7139271998025855,
  "mention_recall": 0.9260651629072681,
  "loss": 1.006716728991851
}