{
  "coref_precision": 0.7860957530292589,
  "coref_recall": 0.7086975433255279,
  "coref_f1": 0.7453920530871995,
  "mention_recall": 0.9121706398996235,
  "loss": 0.7812378407569934
}