{
  "coref_precision": 0.6457301006228205,
  "coref_recall": 0.6133527737694404,
  "coref_f1": 0.6291193633818445,
  "mention_recall": 0.9411764705882353,
  "loss": 1.4588781760756668
}