{
  "coref_precision": 0.6910350369654362,
  "coref_recall": 0.5783768350581623,
  "coref_f1": 0.6295906920320583,
  "mention_recall": 0.9002732240437158,
  "loss": 51.39273093436877
}