{
  "coref_precision": 0.6926088806177827,
  "coref_recall": 0.5744714782804557,
  "coref_f1": 0.6278363435279948,
  "mention_recall": 0.8978445658773527,
  "loss": 51.0995989725925
}