{
  "coref_precision": 0.683269601746174,
  "coref_recall": 0.6559124744173763,
  "coref_f1": 0.6693115513626898,
  "mention_recall": 0.9325980392156863,
  "loss": 1.3924083867906405
}