{
  "coref_precision": 0.6212351154275592,
  "coref_recall": 0.5902727193379197,
  "coref_f1": 0.605358206712427,
  "mention_recall": 0.9210526315789473,
  "loss": 1.682980785769863
}