{
  "coref_precision": 0.7636614440842625,
  "coref_recall": 0.6618408047955259,
  "coref_f1": 0.7091145711199808,
  "mention_recall": 0.9021329987452948,
  "loss": 1.086333149089889
}