{
  "coref_precision": 0.5558189489578177,
  "coref_recall": 0.5340662033644489,
  "coref_f1": 0.5447253278814589,
  "mention_recall": 0.9324324324324325,
  "loss": 2.117624402054876
}