{
  "coref_precision": 0.7283551977587996,
  "coref_recall": 0.6652563388726431,
  "coref_f1": 0.6953768436515605,
  "mention_recall": 0.9222082810539524,
  "loss": 1.12168536303212
}