{
  "coref_precision": 0.6146571350850781,
  "coref_recall": 0.5582338832338832,
  "coref_f1": 0.5850862940000692,
  "mention_recall": 0.9287469287469288,
  "loss": 1.9799702155467118
}