{
  "coref_precision": 0.6441988029519846,
  "coref_recall": 0.5801731130162503,
  "coref_f1": 0.610511551724595,
  "mention_recall": 0.9227941176470589,
  "loss": 1.8185928860718694
}