{
  "coref_precision": 0.730927392086544,
  "coref_recall": 0.6333697767711907,
  "coref_f1": 0.6786598887976169,
  "mention_recall": 0.899749373433584,
  "loss": 1.2911157967173383
}