{
  "coref_precision": 0.6998027346508816,
  "coref_recall": 0.5694078787718516,
  "coref_f1": 0.6276471116806195,
  "mention_recall": 0.9045233758348512,
  "loss": 51.83950519409658
}