{
  "coref_precision": 0.7948613777777904,
  "coref_recall": 0.6525936807947805,
  "coref_f1": 0.7167311160864491,
  "mention_recall": 0.9110275689223057,
  "loss": 0.9708119202381928
}