{
  "coref_precision": 0.5908522155283271,
  "coref_recall": 0.5321506969791283,
  "coref_f1": 0.5599619013321805,
  "mention_recall": 0.9301470588235294,
  "loss": 1.6363628854784165
}