{
  "coref_precision": 0.6968824482186878,
  "coref_recall": 0.578290839368665,
  "coref_f1": 0.6319559294310801,
  "mention_recall": 0.8965290427039061,
  "loss": 54.85037425571943
}