{
  "coref_precision": 0.532915313622185,
  "coref_recall": 0.44825790702983687,
  "coref_f1": 0.48693096826171717,
  "mention_recall": 0.8869778869778869,
  "loss": 2.360333462739347
}