{
  "coref_precision": 0.7001466295805585,
  "coref_recall": 0.5710493625002274,
  "coref_f1": 0.6287574112042996,
  "mention_recall": 0.9035114349322,
  "loss": 57.292725549133
}