{
  "coref_precision": 0.6902607685122591,
  "coref_recall": 0.5980771769987457,
  "coref_f1": 0.6408679940483369,
  "mention_recall": 0.9191176470588235,
  "loss": 1.2836126494559243
}