{
  "coref_precision": 0.5452877574520968,
  "coref_recall": 0.4707738839317786,
  "coref_f1": 0.5052975805840836,
  "mention_recall": 0.9152334152334153,
  "loss": 2.1049805853287133
}