{
  "coref_precision": 0.7403044245620837,
  "coref_recall": 0.6176329540815129,
  "coref_f1": 0.673427655050912,
  "mention_recall": 0.9008782936010038,
  "loss": 1.1093342975880054
}