{
  "coref_precision": 0.6617221321647428,
  "coref_recall": 0.5653787403329168,
  "coref_f1": 0.6097681695308063,
  "mention_recall": 0.9072681704260651,
  "loss": 1.5096936705815063
}