{
  "coref_precision": 0.6944866279963186,
  "coref_recall": 0.5753587943337646,
  "coref_f1": 0.6291598847937991,
  "mention_recall": 0.8978445658773527,
  "loss": 54.68615529795703
}