{
  "coref_precision": 0.5642356454344082,
  "coref_recall": 0.5021814477954828,
  "coref_f1": 0.531402703510698,
  "mention_recall": 0.9017199017199017,
  "loss": 1.849103551859471
}