{
  "coref_precision": 0.7704222372621152,
  "coref_recall": 0.6497445712592445,
  "coref_f1": 0.7049561283561131,
  "mention_recall": 0.8895859473023839,
  "loss": 1.025840274462787
}