{
  "coref_precision": 0.6780977752531734,
  "coref_recall": 0.5675961727022213,
  "coref_f1": 0.617940264004186,
  "mention_recall": 0.8872180451127819,
  "loss": 1.4585074547403238
}