{
  "coref_precision": 0.7000474067966006,
  "coref_recall": 0.5763806534782873,
  "coref_f1": 0.631972607427786,
  "mention_recall": 0.9066990487755515,
  "loss": 52.64653144464507
}