{
  "coref_precision": 0.6816905889801769,
  "coref_recall": 0.586107338558319,
  "coref_f1": 0.6302955392394737,
  "mention_recall": 0.9191176470588235,
  "loss": 1.4125358740404885
}