{
  "coref_precision": 0.5587025644481249,
  "coref_recall": 0.4908607970011478,
  "coref_f1": 0.5225890802397649,
  "mention_recall": 0.9201474201474201,
  "loss": 2.1482987103416127
}