{
  "coref_precision": 0.6844891805256009,
  "coref_recall": 0.5789709368105832,
  "coref_f1": 0.627132425673005,
  "mention_recall": 0.9049787492410444,
  "loss": 53.22345726122767
}