{
  "coref_precision": 0.6943549605925634,
  "coref_recall": 0.5672474321218528,
  "coref_f1": 0.6241095105158682,
  "mention_recall": 0.9020947176684881,
  "loss": 53.87649726720484
}