{
  "coref_precision": 0.5297605541244591,
  "coref_recall": 0.4317820632744323,
  "coref_f1": 0.4757793390864051,
  "mention_recall": 0.8996235884567126,
  "loss": 2.2241488895786645
}