{
  "coref_precision": 0.6515929156553087,
  "coref_recall": 0.5804088378649782,
  "coref_f1": 0.6139430175437885,
  "mention_recall": 0.918918918918919,
  "loss": 1.422509052834081
}