{
  "coref_precision": 0.8059087891584257,
  "coref_recall": 0.6856659180238651,
  "coref_f1": 0.7409406740747517,
  "mention_recall": 0.9047619047619048,
  "loss": 0.7984361357096691
}