{
  "coref_precision": 0.6730074222160333,
  "coref_recall": 0.6048938891044154,
  "coref_f1": 0.6371319622953566,
  "mention_recall": 0.9213759213759214,
  "loss": 1.2564109175556493
}