{
  "coref_precision": 0.7310703117048613,
  "coref_recall": 0.6317441088924395,
  "coref_f1": 0.6777874715260737,
  "mention_recall": 0.8983688833124216,
  "loss": 0.9533278387167509
}