{
  "coref_precision": 0.5867894479949274,
  "coref_recall": 0.5138424393326354,
  "coref_f1": 0.5478904220015214,
  "mention_recall": 0.9093137254901961,
  "loss": 1.5525811924394544
}