{
  "coref_precision": 0.5470131404753872,
  "coref_recall": 0.4957060096765979,
  "coref_f1": 0.5200901104213513,
  "mention_recall": 0.9264705882352942,
  "loss": 1.9333527235311463
}