{
  "coref_precision": 0.7920978201674213,
  "coref_recall": 0.6857616017278233,
  "coref_f1": 0.7351040871398794,
  "mention_recall": 0.9010025062656641,
  "loss": 0.7761890953124047
}