{
  "coref_precision": 0.6940831935861077,
  "coref_recall": 0.5801770880992719,
  "coref_f1": 0.6318668240231475,
  "mention_recall": 0.9056365108277676,
  "loss": 54.48413902938372
}