{
  "coref_precision": 0.5837066264606424,
  "coref_recall": 0.5048348211338407,
  "coref_f1": 0.5413972614906258,
  "mention_recall": 0.9044117647058824,
  "loss": 1.6784173558178803
}