{
  "coref_precision": 0.6231349383655819,
  "coref_recall": 0.5010630138172011,
  "coref_f1": 0.5554711295583838,
  "mention_recall": 0.8820577164366374,
  "loss": 1.4359710893318325
}