{
  "coref_precision": 0.6875641124836048,
  "coref_recall": 0.5854134192135132,
  "coref_f1": 0.6322481505542411,
  "mention_recall": 0.903157255616272,
  "loss": 53.746443387258786
}