{
  "coref_precision": 0.6938985287198164,
  "coref_recall": 0.615874687850336,
  "coref_f1": 0.6525607499411049,
  "mention_recall": 0.9060150375939849,
  "loss": 1.3923328739739558
}