{
  "coref_precision": 0.7394217670449081,
  "coref_recall": 0.658450025694712,
  "coref_f1": 0.696590204965892,
  "mention_recall": 0.9084065244667503,
  "loss": 1.1804045154233394
}