{
  "coref_precision": 0.5814165981430088,
  "coref_recall": 0.5254117754117754,
  "coref_f1": 0.5519938682487774,
  "mention_recall": 0.9262899262899262,
  "loss": 2.0294384473821845
}