{
  "coref_precision": 0.6406439212740582,
  "coref_recall": 0.5889086358449104,
  "coref_f1": 0.6136870549832337,
  "mention_recall": 0.9325980392156863,
  "loss": 1.4977920014165638
}