{
  "coref_precision": 0.6865914588671759,
  "coref_recall": 0.5865305623829163,
  "coref_f1": 0.6324546590774404,
  "mention_recall": 0.9037138231127302,
  "loss": 51.461195730045404
}