{
  "coref_precision": 0.5410575679894954,
  "coref_recall": 0.49315072648405983,
  "coref_f1": 0.5159877673500525,
  "mention_recall": 0.9090909090909091,
  "loss": 1.9254909649538638
}