{
  "coref_precision": 0.8032446718195173,
  "coref_recall": 0.7011955049577431,
  "coref_f1": 0.748758891747717,
  "mention_recall": 0.9008782936010038,
  "loss": 0.6668769166421459
}