{
  "coref_precision": 0.7277694829491076,
  "coref_recall": 0.6307898118581544,
  "coref_f1": 0.6758154832681539,
  "mention_recall": 0.9022556390977443,
  "loss": 0.9032149638497936
}