{
  "coref_precision": 0.6998927920238417,
  "coref_recall": 0.6356124267888973,
  "coref_f1": 0.6662012741867508,
  "mention_recall": 0.9142156862745098,
  "loss": 1.1183385328193778
}