{
  "coref_precision": 0.6874598088920455,
  "coref_recall": 0.5893344255502547,
  "coref_f1": 0.6345164673299236,
  "mention_recall": 0.9014369560817648,
  "loss": 53.11614339254079
}