{
  "coref_precision": 0.5723938030923325,
  "coref_recall": 0.5255319114968238,
  "coref_f1": 0.5479625239929343,
  "mention_recall": 0.9324324324324325,
  "loss": 1.9387512899822543
}