{
  "coref_precision": 0.7364694173768797,
  "coref_recall": 0.6138259394150989,
  "coref_f1": 0.6695745964018466,
  "mention_recall": 0.9022556390977443,
  "loss": 1.150370226435212
}