{
  "coref_precision": 0.7567460268996348,
  "coref_recall": 0.6453950460696456,
  "coref_f1": 0.6966489829929315,
  "mention_recall": 0.9109159347553325,
  "loss": 1.205719021263165
}