{
  "coref_precision": 0.6712327528154063,
  "coref_recall": 0.6237149152590328,
  "coref_f1": 0.6465989442485961,
  "mention_recall": 0.928921568627451,
  "loss": 1.4831838764486096
}