{
  "coref_precision": 0.695911339856393,
  "coref_recall": 0.5762368325024604,
  "coref_f1": 0.6303197282201435,
  "mention_recall": 0.9038150172029954,
  "loss": 52.57363266666954
}