{
  "coref_precision": 0.6896482930575732,
  "coref_recall": 0.5803249582661346,
  "coref_f1": 0.6302604372016115,
  "mention_recall": 0.8921568627450981,
  "loss": 1.1165026402833613
}