{
  "coref_precision": 0.536239132351832,
  "coref_recall": 0.45288190902225994,
  "coref_f1": 0.4910372872667139,
  "mention_recall": 0.8918918918918919,
  "loss": 1.777980147871526
}