{
  "coref_precision": 0.7447401758727455,
  "coref_recall": 0.5603837254072918,
  "coref_f1": 0.6395368947642889,
  "mention_recall": 0.8571428571428571,
  "loss": 0.967275254214649
}