{
  "coref_precision": 0.8079560876538641,
  "coref_recall": 0.6260441105917597,
  "coref_f1": 0.7054603664087121,
  "mention_recall": 0.8682559598494354,
  "loss": 0.8429272145148503
}