{
  "coref_precision": 0.5600365755070117,
  "coref_recall": 0.5108235428410867,
  "coref_f1": 0.5342985808157633,
  "mention_recall": 0.9238329238329238,
  "loss": 2.125133760914742
}