{
  "coref_precision": 0.7755532588865921,
  "coref_recall": 0.6482369138375504,
  "coref_f1": 0.7062017638564052,
  "mention_recall": 0.8920953575909661,
  "loss": 0.9570575466430666
}