{
  "coref_precision": 0.7522563514149181,
  "coref_recall": 0.6326046786900413,
  "coref_f1": 0.6872605550867008,
  "mention_recall": 0.893483709273183,
  "loss": 1.1152127072193512
}