{
  "coref_precision": 0.7082652393080728,
  "coref_recall": 0.6535967754105009,
  "coref_f1": 0.6798287236896101,
  "mention_recall": 0.9227941176470589,
  "loss": 1.3483228151292688
}