{
  "coref_precision": 0.684886170449151,
  "coref_recall": 0.5871654955230909,
  "coref_f1": 0.6321900915771578,
  "mention_recall": 0.9006274033596438,
  "loss": 51.536918641509615
}