{
  "coref_precision": 0.6767789567984394,
  "coref_recall": 0.5888500348641053,
  "coref_f1": 0.6296899968515737,
  "mention_recall": 0.9063448694596236,
  "loss": 53.63262988412726
}