{
  "coref_precision": 0.662132056868899,
  "coref_recall": 0.6300627069009421,
  "coref_f1": 0.6456984281716283,
  "mention_recall": 0.946078431372549,
  "loss": 1.3397679514880543
}