{
  "coref_precision": 0.6979680292632544,
  "coref_recall": 0.6286712276696567,
  "coref_f1": 0.6614986536968207,
  "mention_recall": 0.9035087719298246,
  "loss": 1.2115318036397809
}