{
  "coref_precision": 0.7441466920165422,
  "coref_recall": 0.6726256975206434,
  "coref_f1": 0.706577784476686,
  "mention_recall": 0.904642409033877,
  "loss": 1.0649287442899982
}