{
  "coref_precision": 0.7065206792823476,
  "coref_recall": 0.6177116335993005,
  "coref_f1": 0.6591380353534652,
  "mention_recall": 0.8922305764411027,
  "loss": 1.0620650254712571
}