{
  "coref_precision": 0.5862637190182484,
  "coref_recall": 0.5607892182453585,
  "coref_f1": 0.5732435207118852,
  "mention_recall": 0.9471744471744472,
  "loss": 1.8080435344670673
}