{
  "coref_precision": 0.7970297280330492,
  "coref_recall": 0.6839921704742871,
  "coref_f1": 0.7361964401935183,
  "mention_recall": 0.8870765370138017,
  "loss": 0.769218814089272
}