{
  "coref_precision": 0.521696127946128,
  "coref_recall": 0.4615720984142036,
  "coref_f1": 0.48979379702168435,
  "mention_recall": 0.9041769041769042,
  "loss": 2.0380584378801
}