{
  "coref_precision": 0.6928782342140418,
  "coref_recall": 0.6083759513906571,
  "coref_f1": 0.6478744165704855,
  "mention_recall": 0.8982843137254902,
  "loss": 1.1777371024531051
}