{
  "coref_precision": 0.6944564273255427,
  "coref_recall": 0.573783095302209,
  "coref_f1": 0.6281286598674961,
  "mention_recall": 0.9055859137826351,
  "loss": 57.244110408080836
}