{
  "coref_precision": 0.7155876468381629,
  "coref_recall": 0.6442397834554697,
  "coref_f1": 0.6780401930621781,
  "mention_recall": 0.9117647058823529,
  "loss": 1.2080364866259934
}