{
  "coref_precision": 0.5367572989158383,
  "coref_recall": 0.465316792071178,
  "coref_f1": 0.4984891090031469,
  "mention_recall": 0.8931203931203932,
  "loss": 2.0054019721070966
}