{
  "coref_precision": 0.6875965987370636,
  "coref_recall": 0.5827970080147334,
  "coref_f1": 0.63074216793532,
  "mention_recall": 0.9051811374215746,
  "loss": 53.83567959961452
}