{
  "coref_precision": 0.6727859324723471,
  "coref_recall": 0.6079705788039121,
  "coref_f1": 0.6387379952635337,
  "mention_recall": 0.9362745098039216,
  "loss": 1.3968324152353049
}