{
  "coref_precision": 0.5656703048669808,
  "coref_recall": 0.5146567221128624,
  "coref_f1": 0.5389586778635201,
  "mention_recall": 0.9324324324324325,
  "loss": 2.0231568109848954
}