{
  "coref_precision": 0.6777476900467203,
  "coref_recall": 0.5903591048327891,
  "coref_f1": 0.6310422944940894,
  "mention_recall": 0.9110275689223057,
  "loss": 1.3889560743756544
}