{
  "coref_precision": 0.7626670130133822,
  "coref_recall": 0.6439562143650418,
  "coref_f1": 0.6983022105135609,
  "mention_recall": 0.903387703889586,
  "loss": 1.0081208530807095
}