{
  "coref_precision": 0.6964148031049081,
  "coref_recall": 0.6267644936762583,
  "coref_f1": 0.6597510870314921,
  "mention_recall": 0.9191176470588235,
  "loss": 1.1366458718482109
}