{
  "coref_precision": 0.7690819735625198,
  "coref_recall": 0.6677173103703234,
  "coref_f1": 0.714823369617143,
  "mention_recall": 0.9021329987452948,
  "loss": 0.8662716303456235
}