{
  "coref_precision": 0.657649827005602,
  "coref_recall": 0.5660490930325964,
  "coref_f1": 0.6084210192440581,
  "mention_recall": 0.8984962406015038,
  "loss": 1.2221669016711945
}