{
  "coref_precision": 0.5771469854664582,
  "coref_recall": 0.5164286295865242,
  "coref_f1": 0.5450968341859092,
  "mention_recall": 0.9164619164619164,
  "loss": 1.6989005659858474
}