{
  "coref_precision": 0.5945554966239338,
  "coref_recall": 0.528204253081704,
  "coref_f1": 0.5594059003576611,
  "mention_recall": 0.9056372549019608,
  "loss": 1.4538291026310721
}