{
  "coref_precision": 0.8374337560919068,
  "coref_recall": 0.7107490004976258,
  "coref_f1": 0.768904822677063,
  "mention_recall": 0.9035087719298246,
  "loss": 0.6802079714836982
}