{
  "coref_precision": 0.6331629658722067,
  "coref_recall": 0.5571017987684654,
  "coref_f1": 0.5926919932403839,
  "mention_recall": 0.9041769041769042,
  "loss": 1.3549557244817636
}