{
  "coref_precision": 0.6928274849289043,
  "coref_recall": 0.574285981338385,
  "coref_f1": 0.627797174416637,
  "mention_recall": 0.9021959117587532,
  "loss": 58.08535730928596
}