{
  "coref_precision": 0.7166849715227818,
  "coref_recall": 0.5714258509231015,
  "coref_f1": 0.6358601724812742,
  "mention_recall": 0.8796992481203008,
  "loss": 1.1717508934629637
}