{
  "coref_precision": 0.6547270657613775,
  "coref_recall": 0.5827293712097633,
  "coref_f1": 0.6166286991984791,
  "mention_recall": 0.9056372549019608,
  "loss": 1.4104254220513333
}