{
  "coref_precision": 0.7504236702225796,
  "coref_recall": 0.6115368353362609,
  "coref_f1": 0.6738971514780379,
  "mention_recall": 0.8895859473023839,
  "loss": 1.1202154676106437
}