{
  "coref_precision": 0.5640410027175956,
  "coref_recall": 0.5076074479583251,
  "coref_f1": 0.5343332488149094,
  "mention_recall": 0.9090909090909091,
  "loss": 1.8628406000877953
}