{
  "coref_precision": 0.6298778908104093,
  "coref_recall": 0.5558317434645801,
  "coref_f1": 0.5904982852709744,
  "mention_recall": 0.9021329987452948,
  "loss": 1.6310574498088855
}