{
  "coref_precision": 0.7428202801465784,
  "coref_recall": 0.6429893707584203,
  "coref_f1": 0.6892413104461723,
  "mention_recall": 0.8959899749373433,
  "loss": 1.0734118944036568
}