{
  "coref_precision": 0.6920513389110856,
  "coref_recall": 0.5730581891673814,
  "coref_f1": 0.6267402926531722,
  "mention_recall": 0.9053835256021049,
  "loss": 52.488945959623294
}