{
  "coref_precision": 0.6751534656497644,
  "coref_recall": 0.5841403059540315,
  "coref_f1": 0.6263485470309031,
  "mention_recall": 0.9093137254901961,
  "loss": 1.215170945297816
}