{
  "coref_precision": 0.7079904183644045,
  "coref_recall": 0.5918372713279757,
  "coref_f1": 0.6447240934939252,
  "mention_recall": 0.8897243107769424,
  "loss": 1.149864681364373
}