{
  "coref_precision": 0.7593955549816052,
  "coref_recall": 0.6414033305032752,
  "coref_f1": 0.695427968868701,
  "mention_recall": 0.8883312421580929,
  "loss": 0.9885442847092903
}