{
  "coref_precision": 0.5521704707659192,
  "coref_recall": 0.47614787834086075,
  "coref_f1": 0.511343915123372,
  "mention_recall": 0.9115479115479116,
  "loss": 2.0419490943646563
}