{
  "coref_precision": 0.6877228371882468,
  "coref_recall": 0.5807933580333332,
  "coref_f1": 0.6295822548955313,
  "mention_recall": 0.9065978546852864,
  "loss": 57.94356639225012
}