{
  "coref_precision": 0.6946789669458461,
  "coref_recall": 0.5696550567422825,
  "coref_f1": 0.6257598646043095,
  "mention_recall": 0.903157255616272,
  "loss": 56.33824341451808
}