{
  "coref_precision": 0.8582228464501412,
  "coref_recall": 0.760956966961869,
  "coref_f1": 0.8066552684852906,
  "mention_recall": 0.9105392156862745,
  "loss": 0.5893002444128264
}