{
  "coref_precision": 0.8362230917955723,
  "coref_recall": 0.6969342464424552,
  "coref_f1": 0.7602503285947688,
  "mention_recall": 0.8870765370138017,
  "loss": 0.7095787125089857
}