{
  "coref_precision": 0.7635405828110345,
  "coref_recall": 0.6774792745380981,
  "coref_f1": 0.7179377252947686,
  "mention_recall": 0.9203431372549019,
  "loss": 0.935058628472854
}