{
  "coref_precision": 0.37925273785081287,
  "coref_recall": 0.33566624838554665,
  "coref_f1": 0.35612589862864175,
  "mention_recall": 0.9115479115479116,
  "loss": 3.3344826662170175
}