{
  "coref_precision": 0.4956576107598321,
  "coref_recall": 0.419827799560714,
  "coref_f1": 0.454600181106864,
  "mention_recall": 0.8859649122807017,
  "loss": 2.2796244389164824
}