{
  "coref_precision": 0.492190389504088,
  "coref_recall": 0.43991020526108243,
  "coref_f1": 0.4645769214557247,
  "mention_recall": 0.9176904176904177,
  "loss": 2.444547914293046
}