{
  "coref_precision": 0.6500361736236545,
  "coref_recall": 0.5246607491894216,
  "coref_f1": 0.5806527430205097,
  "mention_recall": 0.8809523809523809,
  "loss": 1.4889618633331814
}