{
  "coref_precision": 0.8699691399097547,
  "coref_recall": 0.7402819953946841,
  "coref_f1": 0.799902217152845,
  "mention_recall": 0.8870765370138017,
  "loss": 0.6163060816302263
}