{
  "coref_precision": 0.6970754859615186,
  "coref_recall": 0.5621171681022917,
  "coref_f1": 0.6219484962514941,
  "mention_recall": 0.9021959117587532,
  "loss": 54.04254238767517
}