{
  "coref_precision": 0.6902726246488274,
  "coref_recall": 0.577944985977966,
  "coref_f1": 0.629019399042749,
  "mention_recall": 0.9038150172029954,
  "loss": 53.6496551145034
}