{
  "coref_precision": 0.5834507058287796,
  "coref_recall": 0.5371654349724525,
  "coref_f1": 0.5593507342144524,
  "mention_recall": 0.9398034398034398,
  "loss": 1.929090595490958
}