{
  "coref_precision": 0.6888112932776407,
  "coref_recall": 0.5949280489277872,
  "coref_f1": 0.638435798486454,
  "mention_recall": 0.8922305764411027,
  "loss": 1.336847650723255
}