{
  "coref_precision": 0.6783799208388029,
  "coref_recall": 0.6243680384611757,
  "coref_f1": 0.6502537446224358,
  "mention_recall": 0.9411764705882353,
  "loss": 1.34150511618164
}