{
  "coref_precision": 0.6825849884283545,
  "coref_recall": 0.5968427670731666,
  "coref_f1": 0.6368392961324478,
  "mention_recall": 0.903387703889586,
  "loss": 1.305228611869343
}