{
  "coref_precision": 0.655097468360088,
  "coref_recall": 0.5901635401635401,
  "coref_f1": 0.620923586766852,
  "mention_recall": 0.9203431372549019,
  "loss": 1.396975505725768
}