{
  "coref_precision": 0.6825021551798159,
  "coref_recall": 0.5930049324323207,
  "coref_f1": 0.6345991582034062,
  "mention_recall": 0.9096612296110415,
  "loss": 1.2235835442966232
}