{
  "coref_precision": 0.6512241703878244,
  "coref_recall": 0.5913746185152313,
  "coref_f1": 0.6198556216157927,
  "mention_recall": 0.9172932330827067,
  "loss": 1.5360501064362342
}