{
  "coref_precision": 0.5823527171140096,
  "coref_recall": 0.5223238389905056,
  "coref_f1": 0.5507067240198228,
  "mention_recall": 0.9201474201474201,
  "loss": 1.9796384711671955
}