{
  "coref_precision": 0.6803299464936036,
  "coref_recall": 0.5906948449289539,
  "coref_f1": 0.6322634101536149,
  "mention_recall": 0.9030054644808743,
  "loss": 53.982308682150205
}