{
  "coref_precision": 0.5898389411276008,
  "coref_recall": 0.5450289603798374,
  "coref_f1": 0.5665465743496337,
  "mention_recall": 0.9250614250614251,
  "loss": 1.7586600226464608
}