{
  "coref_precision": 0.7562304087070307,
  "coref_recall": 0.6572948710761852,
  "coref_f1": 0.7033001588084807,
  "mention_recall": 0.8883312421580929,
  "loss": 1.0498538535483275
}