{
  "coref_precision": 0.6583108833962994,
  "coref_recall": 0.6189820119967179,
  "coref_f1": 0.6380393051222898,
  "mention_recall": 0.9325980392156863,
  "loss": 1.4519149358909405
}