{
  "coref_precision": 0.6980709514554432,
  "coref_recall": 0.6070264106922917,
  "coref_f1": 0.6493728792394013,
  "mention_recall": 0.893483709273183,
  "loss": 1.2444038977420904
}