{
  "coref_precision": 0.6960327710573936,
  "coref_recall": 0.5718143548707862,
  "coref_f1": 0.6276524098738925,
  "mention_recall": 0.9006780004047764,
  "loss": 54.48304196786746
}