{
  "coref_precision": 0.6895280888257497,
  "coref_recall": 0.6244075913193561,
  "coref_f1": 0.6553372781568556,
  "mention_recall": 0.9154411764705882,
  "loss": 1.3772596723178498
}