{
  "coref_precision": 0.6853036807098474,
  "coref_recall": 0.5846308674942353,
  "coref_f1": 0.6308537601541047,
  "mention_recall": 0.9069014369560817,
  "loss": 54.930455268252956
}