{
  "coref_precision": 0.6698412965700605,
  "coref_recall": 0.5688680814302705,
  "coref_f1": 0.6152388691535545,
  "mention_recall": 0.8834586466165414,
  "loss": 1.3387918352988244
}