{
  "coref_precision": 0.6769725101973224,
  "coref_recall": 0.6017435677974893,
  "coref_f1": 0.6371419360411683,
  "mention_recall": 0.9166666666666666,
  "loss": 1.3760405646888176
}