{
  "coref_precision": 0.6918574225419455,
  "coref_recall": 0.5737415221250618,
  "coref_f1": 0.6271275363166137,
  "mention_recall": 0.9055353167375025,
  "loss": 57.35769294722011
}