{
  "coref_precision": 0.6970493705025275,
  "coref_recall": 0.630410724896019,
  "coref_f1": 0.6620562830649503,
  "mention_recall": 0.9227941176470589,
  "loss": 1.4455099701416874
}