{
  "coref_precision": 0.5598238645301857,
  "coref_recall": 0.49413799764676947,
  "coref_f1": 0.5249317247788774,
  "mention_recall": 0.9164619164619164,
  "loss": 2.295954728716116
}