{
  "coref_precision": 0.6846339943250058,
  "coref_recall": 0.5832037506852196,
  "coref_f1": 0.6298614114925166,
  "mention_recall": 0.8920953575909661,
  "loss": 1.3158725721932605
}