{
  "coref_precision": 0.5779956904194273,
  "coref_recall": 0.48419518253898985,
  "coref_f1": 0.5269494846412869,
  "mention_recall": 0.8796992481203008,
  "loss": 1.8095840632890074
}