{
  "coref_precision": 0.6909046306465777,
  "coref_recall": 0.5758217104429574,
  "coref_f1": 0.6280021617356649,
  "mention_recall": 0.9041185994737907,
  "loss": 55.06622166337376
}