{
  "coref_precision": 0.6938238038686172,
  "coref_recall": 0.5746824704410343,
  "coref_f1": 0.6284386741706703,
  "mention_recall": 0.9012345679012346,
  "loss": 53.17252746693945
}