{
  "coref_precision": 0.6135443867134008,
  "coref_recall": 0.5584011213913175,
  "coref_f1": 0.5846528347778037,
  "mention_recall": 0.9142156862745098,
  "loss": 1.5559410326696157
}