{
  "coref_precision": 0.6282106489634643,
  "coref_recall": 0.5466552478423418,
  "coref_f1": 0.5846019431447704,
  "mention_recall": 0.9071518193224593,
  "loss": 1.6313951714008268
}