{
  "coref_precision": 0.7010148051863653,
  "coref_recall": 0.6444455619894217,
  "coref_f1": 0.6715400017425909,
  "mention_recall": 0.9238329238329238,
  "loss": 1.2677707968664664
}