{
  "coref_precision": 0.7382202639285241,
  "coref_recall": 0.6746593889366866,
  "coref_f1": 0.7050091258983934,
  "mention_recall": 0.9097744360902256,
  "loss": 1.0159341147950531
}