{
  "coref_precision": 0.6306481615590109,
  "coref_recall": 0.5768612312471962,
  "coref_f1": 0.6025272556207565,
  "mention_recall": 0.918918918918919,
  "loss": 1.5136065064340765
}