{
  "coref_precision": 0.5306850779516094,
  "coref_recall": 0.4956778334229314,
  "coref_f1": 0.512583507467313,
  "mention_recall": 0.9313725490196079,
  "loss": 1.9900621446584483
}