{
  "coref_precision": 0.8199767432665985,
  "coref_recall": 0.7057893489943766,
  "coref_f1": 0.7586101661256359,
  "mention_recall": 0.9047619047619048,
  "loss": 0.7976737362272245
}