{
  "coref_precision": 0.6877329651257867,
  "coref_recall": 0.6158374360643938,
  "coref_f1": 0.6498020975686194,
  "mention_recall": 0.9058971141781681,
  "loss": 1.2675361544726103
}