{
  "coref_precision": 0.6873041194921776,
  "coref_recall": 0.5710151517505472,
  "coref_f1": 0.623623486185949,
  "mention_recall": 0.8992612831410646,
  "loss": 58.33468971914939
}