{
  "coref_precision": 0.6040508891549972,
  "coref_recall": 0.5038601200881903,
  "coref_f1": 0.5494227486871525,
  "mention_recall": 0.8771498771498771,
  "loss": 2.0880535315735385
}