{
  "coref_precision": 0.6889208311592846,
  "coref_recall": 0.534219046787782,
  "coref_f1": 0.6017866118561136,
  "mention_recall": 0.8709273182957393,
  "loss": 1.3676727906958588
}