{
  "coref_precision": 0.7238177527925252,
  "coref_recall": 0.5566913588534567,
  "coref_f1": 0.62934788279348,
  "mention_recall": 0.8682559598494354,
  "loss": 1.1032139898496538
}