{
  "coref_precision": 0.615695550532056,
  "coref_recall": 0.5150122843750294,
  "coref_f1": 0.560868668911923,
  "mention_recall": 0.8774509803921569,
  "loss": 1.708519860121721
}