{
  "coref_precision": 0.6860822800556942,
  "coref_recall": 0.57906381089117,
  "coref_f1": 0.6278883716258804,
  "mention_recall": 0.8999696417729205,
  "loss": 51.88942996270007
}