{
  "coref_precision": 0.6460563802669066,
  "coref_recall": 0.6001958921374998,
  "coref_f1": 0.6222796305840638,
  "mention_recall": 0.918546365914787,
  "loss": 1.6900998843839996
}