{
  "coref_precision": 0.6883905083138799,
  "coref_recall": 0.6611978798253308,
  "coref_f1": 0.674512012715765,
  "mention_recall": 0.9375,
  "loss": 1.462797078836824
}