{
  "coref_precision": 0.5574877671396147,
  "coref_recall": 0.5358464525131191,
  "coref_f1": 0.5464482165723928,
  "mention_recall": 0.9373464373464373,
  "loss": 2.2482823494911743
}