{
  "coref_precision": 0.7344461840631921,
  "coref_recall": 0.6649538838416551,
  "coref_f1": 0.6979640121108851,
  "mention_recall": 0.9146800501882058,
  "loss": 1.2699861989912544
}