{
  "coref_precision": 0.6826509096818724,
  "coref_recall": 0.5874957375554642,
  "coref_f1": 0.6314123376215989,
  "mention_recall": 0.903157255616272,
  "loss": 52.45160907381696
}