{
  "coref_precision": 0.684531680225302,
  "coref_recall": 0.6655056635448792,
  "coref_f1": 0.6748845486556543,
  "mention_recall": 0.9240196078431373,
  "loss": 1.3183164916212484
}