{
  "coref_precision": 0.7609706017840661,
  "coref_recall": 0.703334823653668,
  "coref_f1": 0.7310152106576028,
  "mention_recall": 0.9247176913425345,
  "loss": 0.8899415096884236
}