{
  "coref_precision": 0.6824129472912711,
  "coref_recall": 0.5834616155905532,
  "coref_f1": 0.628975690079517,
  "mention_recall": 0.9016899413074276,
  "loss": 52.47766184902097
}