{
  "coref_precision": 0.6696289032646333,
  "coref_recall": 0.6081152915711739,
  "coref_f1": 0.6373826422689256,
  "mention_recall": 0.9227941176470589,
  "loss": 1.3976143498238243
}