{
  "coref_precision": 0.7091288642801161,
  "coref_recall": 0.5823195641584634,
  "coref_f1": 0.6394977761918272,
  "mention_recall": 0.8745294855708908,
  "loss": 1.0317364202495456
}