{
  "coref_precision": 0.5678085400014546,
  "coref_recall": 0.5138425905969766,
  "coref_f1": 0.5394773432748385,
  "mention_recall": 0.9226044226044227,
  "loss": 2.0236237165635695
}