{
  "coref_precision": 0.6502761681911003,
  "coref_recall": 0.5330206420871516,
  "coref_f1": 0.5858337423266311,
  "mention_recall": 0.8709273182957393,
  "loss": 1.1917624261387008
}