{
  "coref_precision": 0.6589987284724838,
  "coref_recall": 0.5503135760402061,
  "coref_f1": 0.5997706972685025,
  "mention_recall": 0.899749373433584,
  "loss": 1.403572987371436
}