{
  "coref_precision": 0.5590939820773416,
  "coref_recall": 0.4975334984106914,
  "coref_f1": 0.5265184975740534,
  "mention_recall": 0.9213759213759214,
  "loss": 1.9189047529118017
}