{
  "coref_precision": 0.6911055958446521,
  "coref_recall": 0.5725997448027399,
  "coref_f1": 0.6260949200123619,
  "mention_recall": 0.9035114349322,
  "loss": 53.51309289365047
}