{
  "coref_precision": 0.7194645094354396,
  "coref_recall": 0.6065762079242472,
  "coref_f1": 0.6582107648200789,
  "mention_recall": 0.9007352941176471,
  "loss": 1.1904423720985284
}