{
  "coref_precision": 0.7518163857409643,
  "coref_recall": 0.5530035234609277,
  "coref_f1": 0.6372628154858028,
  "mention_recall": 0.877038895859473,
  "loss": 1.1202914847348506
}