{
  "coref_precision": 0.6394239325185617,
  "coref_recall": 0.4764267256411796,
  "coref_f1": 0.5460195695745074,
  "mention_recall": 0.87468671679198,
  "loss": 1.5928412789987252
}