{
  "coref_precision": 0.6907786597742295,
  "coref_recall": 0.5748519969845155,
  "coref_f1": 0.6272855791775633,
  "mention_recall": 0.904320987654321,
  "loss": 53.29137790001843
}