{
  "coref_precision": 0.7447213020405975,
  "coref_recall": 0.6365605836786731,
  "coref_f1": 0.6863881667528374,
  "mention_recall": 0.903387703889586,
  "loss": 1.0186274288088148
}