{
  "coref_precision": 0.6629051504051504,
  "coref_recall": 0.6069772774429637,
  "coref_f1": 0.6337080544151769,
  "mention_recall": 0.9276960784313726,
  "loss": 1.4157143287526592
}