{
  "coref_precision": 0.7018796993430859,
  "coref_recall": 0.5933336469471584,
  "coref_f1": 0.6430555936012169,
  "mention_recall": 0.8984962406015038,
  "loss": 1.2293393746427623
}