{
  "coref_precision": 0.591127806933042,
  "coref_recall": 0.5472584626093397,
  "coref_f1": 0.5683477015332824,
  "mention_recall": 0.9361179361179361,
  "loss": 1.7793938933573923
}