{
  "coref_precision": 0.5839983524624046,
  "coref_recall": 0.5298076385795684,
  "coref_f1": 0.5555845891353759,
  "mention_recall": 0.9152334152334153,
  "loss": 1.9100347753022868
}