{
  "coref_precision": 0.7150043307430435,
  "coref_recall": 0.6261266506201535,
  "coref_f1": 0.6676198943634164,
  "mention_recall": 0.9021329987452948,
  "loss": 1.1489722565592806
}