{
  "coref_precision": 0.6577147291243036,
  "coref_recall": 0.5870005493780004,
  "coref_f1": 0.6203473402261114,
  "mention_recall": 0.9093137254901961,
  "loss": 1.399577654498237
}