{
  "coref_precision": 0.6580695857057517,
  "coref_recall": 0.5789851028395151,
  "coref_f1": 0.6159977158818513,
  "mention_recall": 0.9047619047619048,
  "loss": 1.4263321362875707
}