{
  "coref_precision": 0.6897617297560362,
  "coref_recall": 0.5734660614824977,
  "coref_f1": 0.6260961090016551,
  "mention_recall": 0.9021959117587532,
  "loss": 56.21407555742457
}