{
  "coref_precision": 0.7476664689097946,
  "coref_recall": 0.645932567233955,
  "coref_f1": 0.6930858573303306,
  "mention_recall": 0.8834586466165414,
  "loss": 1.0359697758210205
}