{
  "coref_precision": 0.598626341676744,
  "coref_recall": 0.5388769151927045,
  "coref_f1": 0.5671821936476,
  "mention_recall": 0.9103194103194103,
  "loss": 2.007031371249645
}