{
  "coref_precision": 0.7898338460203879,
  "coref_recall": 0.6807934912011296,
  "coref_f1": 0.7312693590891822,
  "mention_recall": 0.8858218318695107,
  "loss": 0.9449225830252974
}