{
  "coref_precision": 0.6326335290941472,
  "coref_recall": 0.5642885437003083,
  "coref_f1": 0.5965092893158014,
  "mention_recall": 0.9093137254901961,
  "loss": 1.6516314401406733
}