{
  "coref_precision": 0.5510646231863762,
  "coref_recall": 0.48372646969138194,
  "coref_f1": 0.5152030652697448,
  "mention_recall": 0.9152334152334153,
  "loss": 2.318315802334745
}