{
  "coref_precision": 0.7515748670477346,
  "coref_recall": 0.6157180103575094,
  "coref_f1": 0.6768967266747143,
  "mention_recall": 0.8996235884567126,
  "loss": 1.0879149803452541
}