{
  "coref_precision": 0.5033723277904198,
  "coref_recall": 0.401016061562016,
  "coref_f1": 0.44640173818587825,
  "mention_recall": 0.8796992481203008,
  "loss": 2.17166643624177
}