{
  "coref_precision": 0.6882065814193776,
  "coref_recall": 0.5791262070433426,
  "coref_f1": 0.6288398786673243,
  "mention_recall": 0.9002226269985832,
  "loss": 53.44543914708721
}