{
  "coref_precision": 0.6814126120933489,
  "coref_recall": 0.5483866930253419,
  "coref_f1": 0.607703389245566,
  "mention_recall": 0.8696741854636592,
  "loss": 1.2763255396364126
}