{
  "coref_precision": 0.7385968384874895,
  "coref_recall": 0.6308318950475812,
  "coref_f1": 0.6804617305267048,
  "mention_recall": 0.8995098039215687,
  "loss": 1.0426555261248005
}