{
  "coref_precision": 0.5097519302085174,
  "coref_recall": 0.466697239504257,
  "coref_f1": 0.48727379627158607,
  "mention_recall": 0.9201474201474201,
  "loss": 2.7324247501322136
}