{
  "coref_precision": 0.7104730449605796,
  "coref_recall": 0.6443320341604655,
  "coref_f1": 0.6757852692316278,
  "mention_recall": 0.9142156862745098,
  "loss": 1.4942518856299234
}