{
  "coref_precision": 0.6927717969798747,
  "coref_recall": 0.5711243848904618,
  "coref_f1": 0.6259152508163904,
  "mention_recall": 0.9044221817445861,
  "loss": 53.50223541890817
}