{
  "coref_precision": 0.5121686723084906,
  "coref_recall": 0.4371653416167686,
  "coref_f1": 0.47170093416624703,
  "mention_recall": 0.8922305764411027,
  "loss": 1.9128123553769736
}