{
  "coref_precision": 0.7511814996101526,
  "coref_recall": 0.6094798395567802,
  "coref_f1": 0.6729470502783843,
  "mention_recall": 0.8682559598494354,
  "loss": 0.9301907635677028
}