{
  "coref_precision": 0.5481421885468637,
  "coref_recall": 0.48546078546078536,
  "coref_f1": 0.5148885410062977,
  "mention_recall": 0.9041769041769042,
  "loss": 1.9031879058572596
}