{
  "coref_precision": 0.6528101573765094,
  "coref_recall": 0.5232203737898947,
  "coref_f1": 0.5808735758911138,
  "mention_recall": 0.8659147869674185,
  "loss": 1.394389461430736
}