{
  "coref_precision": 0.6889864621220997,
  "coref_recall": 0.6124384012864404,
  "coref_f1": 0.6484576883511822,
  "mention_recall": 0.9080882352941176,
  "loss": 1.302102452869007
}