{
  "coref_precision": 0.6965518558111926,
  "coref_recall": 0.5763513707635037,
  "coref_f1": 0.6306155098490113,
  "mention_recall": 0.901993523578223,
  "loss": 55.906114545193816
}