{
  "coref_precision": 0.510636063837147,
  "coref_recall": 0.43720584692043185,
  "coref_f1": 0.4710765773762888,
  "mention_recall": 0.8947368421052632,
  "loss": 2.1193851944274393
}