{
  "coref_precision": 0.7725195065146025,
  "coref_recall": 0.6774891005323914,
  "coref_f1": 0.7218901684024409,
  "mention_recall": 0.904642409033877,
  "loss": 0.9852469491212553
}