{
  "coref_precision": 0.6811609734408828,
  "coref_recall": 0.5850641695287321,
  "coref_f1": 0.6293687350101457,
  "mention_recall": 0.9009309856304392,
  "loss": 53.336150600127986
}