{
  "coref_precision": 0.7232586258750014,
  "coref_recall": 0.6576193187712797,
  "coref_f1": 0.6888714404414324,
  "mention_recall": 0.9350490196078431,
  "loss": 1.3473898083587421
}