{
  "coref_precision": 0.5131871428044271,
  "coref_recall": 0.47461373996461714,
  "coref_f1": 0.4931343199265366,
  "mention_recall": 0.9361179361179361,
  "loss": 2.4756160289734237
}