{
  "coref_precision": 0.6071864400541349,
  "coref_recall": 0.5691007917048766,
  "coref_f1": 0.5875270262042803,
  "mention_recall": 0.9097744360902256,
  "loss": 2.008754217450624
}