{
  "coref_precision": 0.7436726302147717,
  "coref_recall": 0.6712657340801536,
  "coref_f1": 0.7056148163851489,
  "mention_recall": 0.9008782936010038,
  "loss": 1.3278763961112403
}