{
  "coref_precision": 0.6924448524036886,
  "coref_recall": 0.5717295607478484,
  "coref_f1": 0.6261313516459781,
  "mention_recall": 0.904320987654321,
  "loss": 56.40835309180635
}