{
  "coref_precision": 0.8205075380211141,
  "coref_recall": 0.7137728580711037,
  "coref_f1": 0.7634254521386704,
  "mention_recall": 0.893483709273183,
  "loss": 0.7050033303961901
}