{
  "coref_precision": 0.5437939175205728,
  "coref_recall": 0.49547352611078105,
  "coref_f1": 0.5185030752969247,
  "mention_recall": 0.9129901960784313,
  "loss": 2.1588026307369907
}