{
  "coref_precision": 0.5229250309610717,
  "coref_recall": 0.4352210264490966,
  "coref_f1": 0.47505715192852227,
  "mention_recall": 0.8955773955773956,
  "loss": 2.172049100037507
}