{
  "coref_precision": 0.5909343015075055,
  "coref_recall": 0.4161276948590382,
  "coref_f1": 0.488359443285092,
  "mention_recall": 0.8671679197994987,
  "loss": 1.7772968071986637
}