{
  "coref_precision": 0.6959542479109131,
  "coref_recall": 0.5752554944229937,
  "coref_f1": 0.629689878482294,
  "mention_recall": 0.9052823315118397,
  "loss": 58.21012696691276
}