{
  "coref_precision": 0.6754414123452642,
  "coref_recall": 0.5788467659791189,
  "coref_f1": 0.6234188399578618,
  "mention_recall": 0.9142156862745098,
  "loss": 1.576474966840192
}