{
  "coref_precision": 0.5752124015928963,
  "coref_recall": 0.503011185028729,
  "coref_f1": 0.5366885850948659,
  "mention_recall": 0.918918918918919,
  "loss": 2.1677628692598607
}