{
  "coref_precision": 0.7940235734185414,
  "coref_recall": 0.6762112168218922,
  "coref_f1": 0.7303969745565944,
  "mention_recall": 0.9058971141781681,
  "loss": 0.9240518248165968
}