{
  "coref_precision": 0.764830994321359,
  "coref_recall": 0.6459229352591489,
  "coref_f1": 0.7003655489806698,
  "mention_recall": 0.8972431077694235,
  "loss": 0.9347417887784017
}