{
  "coref_precision": 0.6853692483082954,
  "coref_recall": 0.5730115553500669,
  "coref_f1": 0.6240652678897524,
  "mention_recall": 0.8827160493827161,
  "loss": 50.06945078353041
}