{
  "coref_precision": 0.6886596346569408,
  "coref_recall": 0.5868647224176909,
  "coref_f1": 0.633582916292618,
  "mention_recall": 0.901993523578223,
  "loss": 52.16154151228751
}