{
  "coref_precision": 0.5467774314149764,
  "coref_recall": 0.5109285179460619,
  "coref_f1": 0.5282425746431368,
  "mention_recall": 0.9250614250614251,
  "loss": 1.9396580529494993
}