{
  "coref_precision": 0.8028830942604738,
  "coref_recall": 0.6702992507114574,
  "coref_f1": 0.7306225108927652,
  "mention_recall": 0.875784190715182,
  "loss": 0.6638110677231243
}