{
  "coref_precision": 0.6756782705943788,
  "coref_recall": 0.6356921219666317,
  "coref_f1": 0.6550707168633708,
  "mention_recall": 0.9252450980392157,
  "loss": 1.2195312519428434
}