{
  "coref_precision": 0.6578184931044461,
  "coref_recall": 0.612851495817182,
  "coref_f1": 0.6345364997462927,
  "mention_recall": 0.9227941176470589,
  "loss": 1.376832308591138
}