{
  "coref_precision": 0.7868711059104573,
  "coref_recall": 0.649958653984577,
  "coref_f1": 0.7118906088009228,
  "mention_recall": 0.8771929824561403,
  "loss": 0.8272131292097208
}