{
  "coref_precision": 0.789472699132563,
  "coref_recall": 0.6864279671698076,
  "coref_f1": 0.7343513237017479,
  "mention_recall": 0.8946047678795483,
  "loss": 0.8317299712790439
}