{
  "coref_precision": 0.5794288970589,
  "coref_recall": 0.5441355230828914,
  "coref_f1": 0.5612171746072422,
  "mention_recall": 0.9312039312039312,
  "loss": 1.9022791860640398
}