{
  "coref_precision": 0.742747714871581,
  "coref_recall": 0.646756713508481,
  "coref_f1": 0.6914365157521359,
  "mention_recall": 0.893483709273183,
  "loss": 0.8636364289339623
}