{
  "coref_precision": 0.6912046431977034,
  "coref_recall": 0.5776471466368479,
  "coref_f1": 0.6291827769599623,
  "mention_recall": 0.9039162112932605,
  "loss": 53.50310767359326
}