{
  "coref_precision": 0.7394653471963545,
  "coref_recall": 0.6304433556468932,
  "coref_f1": 0.6806159530811198,
  "mention_recall": 0.9008782936010038,
  "loss": 1.0699492425607535
}