{
  "coref_precision": 0.6942720398125154,
  "coref_recall": 0.6205413731149024,
  "coref_f1": 0.6553360513941745,
  "mention_recall": 0.9227941176470589,
  "loss": 1.2092363388121945
}