{
  "coref_precision": 0.6953362237087078,
  "coref_recall": 0.5707921391317345,
  "coref_f1": 0.626708312731959,
  "mention_recall": 0.8995142683667274,
  "loss": 56.64452729798886
}