{
  "coref_precision": 0.49214672618176847,
  "coref_recall": 0.43966147167901554,
  "coref_f1": 0.4644221891977976,
  "mention_recall": 0.9127764127764127,
  "loss": 2.2488576346078597
}