{
  "coref_precision": 0.6838023455760459,
  "coref_recall": 0.5626652848765967,
  "coref_f1": 0.617346320628874,
  "mention_recall": 0.8847117794486216,
  "loss": 1.3643999616155975
}