{
  "coref_precision": 0.7268857475732284,
  "coref_recall": 0.6565979001028022,
  "coref_f1": 0.6899476601204224,
  "mention_recall": 0.9142156862745098,
  "loss": 1.2009120136640967
}