{
  "coref_precision": 0.6970818668201931,
  "coref_recall": 0.5747467231594682,
  "coref_f1": 0.6298034387693502,
  "mention_recall": 0.9009815826755717,
  "loss": 54.68702059336028
}