{
  "coref_precision": 0.5376871816253189,
  "coref_recall": 0.4760840585401988,
  "coref_f1": 0.5050096836700636,
  "mention_recall": 0.902948402948403,
  "loss": 1.984339857328366
}