{
  "coref_precision": 0.7151038483446919,
  "coref_recall": 0.6367908190212113,
  "coref_f1": 0.6736637115624808,
  "mention_recall": 0.9044117647058824,
  "loss": 1.190303051486075
}