{
  "coref_precision": 0.6756920077049293,
  "coref_recall": 0.583772928964823,
  "coref_f1": 0.6261849187270854,
  "mention_recall": 0.9047257640153815,
  "loss": 58.460073606599515
}