{
  "coref_precision": 0.5417713427483788,
  "coref_recall": 0.49531696768538874,
  "coref_f1": 0.5175030128946346,
  "mention_recall": 0.9238329238329238,
  "loss": 2.1882497364363687
}