{
  "coref_precision": 0.6906252033578447,
  "coref_recall": 0.6286883187618483,
  "coref_f1": 0.6581979785803053,
  "mention_recall": 0.9240196078431373,
  "loss": 1.3530400328118968
}