{
  "coref_precision": 0.7408704261194426,
  "coref_recall": 0.6384136033586152,
  "coref_f1": 0.6858361302180619,
  "mention_recall": 0.8872180451127819,
  "loss": 1.0408749643073651
}