{
  "coref_precision": 0.7707627957834035,
  "coref_recall": 0.6560577547213843,
  "coref_f1": 0.7087955697471712,
  "mention_recall": 0.8946047678795483,
  "loss": 1.0150418744361762
}