{
  "coref_precision": 0.6886517914823845,
  "coref_recall": 0.5867008789781879,
  "coref_f1": 0.633494689140354,
  "mention_recall": 0.9011333738109695,
  "loss": 52.879942120061905
}