{
  "coref_precision": 0.7406002780931139,
  "coref_recall": 0.6368792682010057,
  "coref_f1": 0.6848326852141976,
  "mention_recall": 0.8745294855708908,
  "loss": 0.8826094725722997
}