{
  "coref_precision": 0.6176525347864968,
  "coref_recall": 0.5304086325165142,
  "coref_f1": 0.5707147141242671,
  "mention_recall": 0.8721804511278195,
  "loss": 1.5517117875771766
}