{
  "coref_precision": 0.7094333102524413,
  "coref_recall": 0.6601800568712334,
  "coref_f1": 0.6839193245600735,
  "mention_recall": 0.9227941176470589,
  "loss": 1.0803688132016558
}