{
  "coref_precision": 0.5120448637120752,
  "coref_recall": 0.4791092527934633,
  "coref_f1": 0.49502496917649214,
  "mention_recall": 0.9226044226044227,
  "loss": 2.0689530953425517
}