{
  "coref_precision": 0.7063188135804933,
  "coref_recall": 0.5671669816042443,
  "coref_f1": 0.628754168475455,
  "mention_recall": 0.9033596437968022,
  "loss": 52.03522055304339
}