{
  "coref_precision": 0.5901299289105326,
  "coref_recall": 0.541668140320101,
  "coref_f1": 0.5648598278101025,
  "mention_recall": 0.9338235294117647,
  "loss": 2.1074837142949017
}