{
  "coref_precision": 0.6223702214111501,
  "coref_recall": 0.5056755599057311,
  "coref_f1": 0.5579861541264323,
  "mention_recall": 0.9146800501882058,
  "loss": 1.9196488259951705
}