{
  "coref_precision": 0.7042487204333133,
  "coref_recall": 0.569072113043048,
  "coref_f1": 0.6294851737699619,
  "mention_recall": 0.9097744360902256,
  "loss": 1.3544394632171055
}