{
  "coref_precision": 0.6381948835967958,
  "coref_recall": 0.587078505938155,
  "coref_f1": 0.6115665763888823,
  "mention_recall": 0.9336609336609336,
  "loss": 1.6462167969662787
}