{
  "coref_precision": 0.7642429109535024,
  "coref_recall": 0.6816273843309717,
  "coref_f1": 0.7205747401187025,
  "mention_recall": 0.8771929824561403,
  "loss": 0.9939157560665921
}