{
  "coref_precision": 0.7863223441651721,
  "coref_recall": 0.7034839427777254,
  "coref_f1": 0.7426000196246626,
  "mention_recall": 0.8795483061480552,
  "loss": 0.8153725341439344
}