{
  "coref_precision": 0.5646930936914396,
  "coref_recall": 0.5331725665058998,
  "coref_f1": 0.5484773664530673,
  "mention_recall": 0.9226044226044227,
  "loss": 2.0959853727736104
}