{
  "coref_precision": 0.6818143598742413,
  "coref_recall": 0.6484834927236888,
  "coref_f1": 0.6647310657707443,
  "mention_recall": 0.9240196078431373,
  "loss": 1.2856088641403605
}