{
  "coref_precision": 0.5474316147842853,
  "coref_recall": 0.47676907369889826,
  "coref_f1": 0.5096627275028546,
  "mention_recall": 0.9017199017199017,
  "loss": 2.053144067308051
}