{
  "coref_precision": 0.7625793719937001,
  "coref_recall": 0.5942983022912324,
  "coref_f1": 0.6680035067234008,
  "mention_recall": 0.8734335839598998,
  "loss": 1.0773625215391707
}