{
  "coref_precision": 0.7900283091271921,
  "coref_recall": 0.6313668511129689,
  "coref_f1": 0.701842100898103,
  "mention_recall": 0.8745294855708908,
  "loss": 0.9676475322546847
}