{
  "coref_precision": 0.6850786785678279,
  "coref_recall": 0.5925270444878287,
  "coref_f1": 0.6354503653529079,
  "mention_recall": 0.9007352941176471,
  "loss": 1.364650826404441
}