{
  "coref_precision": 0.6201186913164,
  "coref_recall": 0.5014689690455597,
  "coref_f1": 0.5545152363966661,
  "mention_recall": 0.8771929824561403,
  "loss": 1.721343722644286
}