{
  "coref_precision": 0.4462219481275911,
  "coref_recall": 0.38687315704859565,
  "coref_f1": 0.41443127258295887,
  "mention_recall": 0.8894348894348895,
  "loss": 2.4347633949081633
}