{
  "coref_precision": 0.6848042946315752,
  "coref_recall": 0.5828076686538451,
  "coref_f1": 0.6296041431333866,
  "mention_recall": 0.9002732240437158,
  "loss": 53.44463782499601
}