{
  "coref_precision": 0.6799617734608513,
  "coref_recall": 0.6424444020032255,
  "coref_f1": 0.6606636173362191,
  "mention_recall": 0.9215686274509803,
  "loss": 1.3663973374799698
}