{
  "coref_precision": 0.5623808070236641,
  "coref_recall": 0.5235355428337883,
  "coref_f1": 0.5422479212489547,
  "mention_recall": 0.9226044226044227,
  "loss": 2.148255717422607
}