{
  "coref_precision": 0.7286129700374039,
  "coref_recall": 0.6300193867538576,
  "coref_f1": 0.6757369525708327,
  "mention_recall": 0.9084065244667503,
  "loss": 1.1463825433299761
}