{
  "coref_precision": 0.6830617321631797,
  "coref_recall": 0.5831629900168785,
  "coref_f1": 0.6291705993138189,
  "mention_recall": 0.9147869674185464,
  "loss": 1.4841747852643021
}