{
  "coref_precision": 0.6858651193651352,
  "coref_recall": 0.581772200245649,
  "coref_f1": 0.6294079665284477,
  "mention_recall": 0.9004756122242461,
  "loss": 54.620602808568904
}