{
  "coref_precision": 0.6911918173446812,
  "coref_recall": 0.5859955450770836,
  "coref_f1": 0.6341692599536176,
  "mention_recall": 0.9017911353976927,
  "loss": 53.28755571715394
}