{
  "coref_precision": 0.6537522818261435,
  "coref_recall": 0.589554096049194,
  "coref_f1": 0.6199957252405075,
  "mention_recall": 0.9227941176470589,
  "loss": 1.4361163603593
}