{
  "coref_precision": 0.5920067667716031,
  "coref_recall": 0.5412352144808285,
  "coref_f1": 0.565480801450693,
  "mention_recall": 0.9238329238329238,
  "loss": 1.876307158304494
}