{
  "coref_precision": 0.5907940122065808,
  "coref_recall": 0.556991481114288,
  "coref_f1": 0.5733948701361161,
  "mention_recall": 0.9287469287469288,
  "loss": 2.0764157189297783
}