{
  "coref_precision": 0.6965098929849382,
  "coref_recall": 0.5555160043180467,
  "coref_f1": 0.6180728268307464,
  "mention_recall": 0.8872180451127819,
  "loss": 1.2072641132175064
}