{
  "coref_precision": 0.7752474290276204,
  "coref_recall": 0.7054002197253699,
  "coref_f1": 0.7386748290640618,
  "mention_recall": 0.917189460476788,
  "loss": 1.0176191528066274
}