{
  "coref_precision": 0.635806113995769,
  "coref_recall": 0.6060153943732374,
  "coref_f1": 0.6205530879307348,
  "mention_recall": 0.9325980392156863,
  "loss": 1.6492354445267299
}