{
  "coref_precision": 0.7801728001834611,
  "coref_recall": 0.7091971127124309,
  "coref_f1": 0.7429904423219854,
  "mention_recall": 0.9235588972431078,
  "loss": 1.0575553309357777
}