{
  "coref_precision": 0.7295983994491652,
  "coref_recall": 0.5991353884024966,
  "coref_f1": 0.6579614415061728,
  "mention_recall": 0.8858218318695107,
  "loss": 1.2022853395916142
}