{
  "coref_precision": 0.701677708302773,
  "coref_recall": 0.5705728031792313,
  "coref_f1": 0.6291752653063467,
  "mention_recall": 0.903966808338393,
  "loss": 54.40983050248597
}