{
  "coref_precision": 0.661407051162972,
  "coref_recall": 0.6068213649096001,
  "coref_f1": 0.6329292885813159,
  "mention_recall": 0.9129901960784313,
  "loss": 1.275843299333845
}