{
  "coref_precision": 0.5558459402699896,
  "coref_recall": 0.5096608969415986,
  "coref_f1": 0.5317495716782364,
  "mention_recall": 0.9078624078624079,
  "loss": 1.734905738479628
}