{
  "coref_precision": 0.745337794703992,
  "coref_recall": 0.6675641154496876,
  "coref_f1": 0.7043103161120087,
  "mention_recall": 0.9072681704260651,
  "loss": 0.9459180641255122
}