{
  "coref_precision": 0.7902858631978207,
  "coref_recall": 0.7107204117930125,
  "coref_f1": 0.7483942435410955,
  "mention_recall": 0.9071518193224593,
  "loss": 0.8318257090595987
}