{
  "coref_precision": 0.6950672672012915,
  "coref_recall": 0.5770226768722092,
  "coref_f1": 0.6304048048541957,
  "mention_recall": 0.9031066585711395,
  "loss": 56.738248600380295
}