{
  "coref_precision": 0.7809780397691893,
  "coref_recall": 0.6368684374489342,
  "coref_f1": 0.7015995984474088,
  "mention_recall": 0.8920953575909661,
  "loss": 0.8947900555231321
}