{
  "coref_precision": 0.725468974976989,
  "coref_recall": 0.6476818252553547,
  "coref_f1": 0.6843704077675762,
  "mention_recall": 0.9215686274509803,
  "loss": 1.2831917963904373
}