{
  "coref_precision": 0.5231600076102356,
  "coref_recall": 0.4725002571493799,
  "coref_f1": 0.49654068278837155,
  "mention_recall": 0.9213759213759214,
  "loss": 2.021817335003035
}