{
  "coref_precision": 0.6612868726341549,
  "coref_recall": 0.5266089900614646,
  "coref_f1": 0.5863108589673837,
  "mention_recall": 0.9010025062656641,
  "loss": 1.5189025673944618
}