{
  "coref_precision": 0.675686698965167,
  "coref_recall": 0.5886081849852763,
  "coref_f1": 0.6290924076357426,
  "mention_recall": 0.896782027929569,
  "loss": 55.19420377843148
}