{
  "coref_precision": 0.6222652638175697,
  "coref_recall": 0.5811306340718105,
  "coref_f1": 0.6009948855800529,
  "mention_recall": 0.9166666666666666,
  "loss": 1.4985381187772975
}