{
  "coref_precision": 0.5989528872831347,
  "coref_recall": 0.5544731733328224,
  "coref_f1": 0.575855073734172,
  "mention_recall": 0.9152334152334153,
  "loss": 1.7872111500721355
}