{
  "coref_precision": 0.7328980120167367,
  "coref_recall": 0.6084889435164678,
  "coref_f1": 0.664924141086664,
  "mention_recall": 0.8707653701380176,
  "loss": 0.9949493292169822
}