{
  "coref_precision": 0.691657333773455,
  "coref_recall": 0.5603885492665278,
  "coref_f1": 0.6191403769518306,
  "mention_recall": 0.8671679197994987,
  "loss": 1.4406936876769272
}