{
  "coref_precision": 0.7006322126447865,
  "coref_recall": 0.5725700053046674,
  "coref_f1": 0.6299570518014649,
  "mention_recall": 0.903966808338393,
  "loss": 51.98918087835606
}