{
  "coref_precision": 0.5547780603353708,
  "coref_recall": 0.486241225276313,
  "coref_f1": 0.5182528357834583,
  "mention_recall": 0.9115479115479116,
  "loss": 1.5119483453063867
}