{
  "coref_precision": 0.6592241585586214,
  "coref_recall": 0.5777286756453422,
  "coref_f1": 0.6157847715878525,
  "mention_recall": 0.9080882352941176,
  "loss": 1.2020081221102663
}