{
  "coref_precision": 0.6844462506750969,
  "coref_recall": 0.5841526346842477,
  "coref_f1": 0.6302341367081373,
  "mention_recall": 0.9041185994737907,
  "loss": 54.24417745833615
}