{
  "coref_precision": 0.6891456192005725,
  "coref_recall": 0.5859258173064279,
  "coref_f1": 0.6332254835985976,
  "mention_recall": 0.9036126290224651,
  "loss": 51.78885263874699
}