{
  "coref_precision": 0.7102851269918422,
  "coref_recall": 0.6209608963864005,
  "coref_f1": 0.6626257298752679,
  "mention_recall": 0.8796992481203008,
  "loss": 0.9923351275746412
}