{
  "coref_precision": 0.549289890553962,
  "coref_recall": 0.5141363851890167,
  "coref_f1": 0.5311320249958992,
  "mention_recall": 0.9176904176904177,
  "loss": 1.7667585755076252
}