{
  "coref_precision": 0.6745679928981371,
  "coref_recall": 0.6362176267813523,
  "coref_f1": 0.6548270825800264,
  "mention_recall": 0.9215686274509803,
  "loss": 1.2087080696874366
}