{
  "coref_precision": 0.799315933984805,
  "coref_recall": 0.6222996134578535,
  "coref_f1": 0.6997863987254268,
  "mention_recall": 0.9008782936010038,
  "loss": 1.175356711353158
}