{
  "coref_precision": 0.7696971596715511,
  "coref_recall": 0.6152865013430607,
  "coref_f1": 0.683884074927751,
  "mention_recall": 0.8972431077694235,
  "loss": 1.2238636438035044
}