{
  "coref_precision": 0.7640852395919476,
  "coref_recall": 0.6641266941619417,
  "coref_f1": 0.7106078563200003,
  "mention_recall": 0.8795483061480552,
  "loss": 0.8936595046423074
}