{
  "coref_precision": 0.6398786782423521,
  "coref_recall": 0.5785545699761386,
  "coref_f1": 0.6076722674411363,
  "mention_recall": 0.9264705882352942,
  "loss": 1.8907325032269866
}