{
  "coref_precision": 0.6308456203546623,
  "coref_recall": 0.5755169044642728,
  "coref_f1": 0.6019122907787016,
  "mention_recall": 0.9324324324324325,
  "loss": 2.046488945388398
}