{
  "coref_precision": 0.6991240931234833,
  "coref_recall": 0.568415747794795,
  "coref_f1": 0.6268217395196639,
  "mention_recall": 0.9048775551507792,
  "loss": 53.348669811606875
}