{
  "coref_precision": 0.6935146420486801,
  "coref_recall": 0.571175499286813,
  "coref_f1": 0.6262183722850218,
  "mention_recall": 0.9034608378870674,
  "loss": 53.94162558133971
}