{
  "coref_precision": 0.5823087203474774,
  "coref_recall": 0.5351571016339279,
  "coref_f1": 0.5577372548600215,
  "mention_recall": 0.918546365914787,
  "loss": 1.7696046808331736
}