{
  "coref_precision": 0.5760050866630252,
  "coref_recall": 0.4883235369946551,
  "coref_f1": 0.5285521448741692,
  "mention_recall": 0.8884711779448622,
  "loss": 1.6810267756440342
}