{
  "coref_precision": 0.472200821401894,
  "coref_recall": 0.4209949183633394,
  "coref_f1": 0.4451273287979856,
  "mention_recall": 0.9275184275184275,
  "loss": 2.394679684568087
}