{
  "coref_precision": 0.7625850900307422,
  "coref_recall": 0.6723901008214733,
  "coref_f1": 0.7146459753612072,
  "mention_recall": 0.9203431372549019,
  "loss": 1.0167327781001099
}