{
  "coref_precision": 0.7540065153550599,
  "coref_recall": 0.6823238807307436,
  "coref_f1": 0.7163742853132943,
  "mention_recall": 0.9227941176470589,
  "loss": 0.9957519001905674
}