{
  "coref_precision": 0.7784480711748412,
  "coref_recall": 0.6565233710943778,
  "coref_f1": 0.7123050383201216,
  "mention_recall": 0.8996235884567126,
  "loss": 1.0289860135726379
}