{
  "coref_precision": 0.4704795556482586,
  "coref_recall": 0.42083479013303576,
  "coref_f1": 0.44426832360689156,
  "mention_recall": 0.9213759213759214,
  "loss": 2.3618141877408507
}