{
  "coref_precision": 0.8129307177598496,
  "coref_recall": 0.744135422589069,
  "coref_f1": 0.7770130325164207,
  "mention_recall": 0.9272271016311167,
  "loss": 0.8283556766020472
}