{
  "coref_precision": 0.6920747300245208,
  "coref_recall": 0.5733787325176295,
  "coref_f1": 0.6268925417137733,
  "mention_recall": 0.9038150172029954,
  "loss": 53.39698602181047
}