{
  "coref_precision": 0.6132973501468579,
  "coref_recall": 0.5470804127258696,
  "coref_f1": 0.5782956172487949,
  "mention_recall": 0.9135338345864662,
  "loss": 1.5563116664921708
}