{
  "coref_precision": 0.5620770302692503,
  "coref_recall": 0.5170595635507915,
  "coref_f1": 0.5386255335120301,
  "mention_recall": 0.9275184275184275,
  "loss": 1.8832646404679498
}