{
  "coref_precision": 0.6976391466539559,
  "coref_recall": 0.6381931476294221,
  "coref_f1": 0.6665929698044512,
  "mention_recall": 0.9203431372549019,
  "loss": 1.2391547758087087
}