{
  "coref_precision": 0.7060000764657636,
  "coref_recall": 0.6571425624121704,
  "coref_f1": 0.6806905349580751,
  "mention_recall": 0.9350490196078431,
  "loss": 1.1539965476444967
}