{
  "coref_precision": 0.7785476562524106,
  "coref_recall": 0.7029644230298492,
  "coref_f1": 0.7388224182199231,
  "mention_recall": 0.918444165621079,
  "loss": 0.9009678841164603
}