{
  "coref_precision": 0.6865405234121464,
  "coref_recall": 0.5818415266895564,
  "coref_f1": 0.6297220128456338,
  "mention_recall": 0.904675166970249,
  "loss": 52.8214724028293
}