{
  "coref_precision": 0.6918446010914584,
  "coref_recall": 0.6089645285723718,
  "coref_f1": 0.6477594346757742,
  "mention_recall": 0.9068627450980392,
  "loss": 1.2013492927846248
}