{
  "coref_precision": 0.6904683584461463,
  "coref_recall": 0.5345992033696393,
  "coref_f1": 0.6026151846515962,
  "mention_recall": 0.8845671267252195,
  "loss": 1.2802545748584404
}