{
  "coref_precision": 0.6963717404767857,
  "coref_recall": 0.5783130027510978,
  "coref_f1": 0.6317056193068258,
  "mention_recall": 0.9016393442622951,
  "loss": 51.67327890730458
}