{
  "coref_precision": 0.6864294131202269,
  "coref_recall": 0.6112381184127714,
  "coref_f1": 0.6466538269999919,
  "mention_recall": 0.9223057644110275,
  "loss": 1.2000192893996486
}