{
  "coref_precision": 0.6456985824632883,
  "coref_recall": 0.6089249757141914,
  "coref_f1": 0.6267725869987465,
  "mention_recall": 0.9399509803921569,
  "loss": 1.3524661687158435
}