{
  "coref_precision": 0.5919609323068622,
  "coref_recall": 0.5570353504564031,
  "coref_f1": 0.5739672354672792,
  "mention_recall": 0.9398034398034398,
  "loss": 1.6230363349282888
}