{
  "coref_precision": 0.7610423501875339,
  "coref_recall": 0.6664678201268813,
  "coref_f1": 0.7106215956396965,
  "mention_recall": 0.9121706398996235,
  "loss": 0.9072807304429547
}