{
  "coref_precision": 0.6933419277680737,
  "coref_recall": 0.5777317365022561,
  "coref_f1": 0.6301013120802123,
  "mention_recall": 0.9037138231127302,
  "loss": 56.43297919464644
}