{
  "coref_precision": 0.5760990670039775,
  "coref_recall": 0.5130123345035625,
  "coref_f1": 0.5427271215607893,
  "mention_recall": 0.9066339066339066,
  "loss": 2.113915838102434
}