{
  "coref_precision": 0.7167835666244654,
  "coref_recall": 0.6310758970453836,
  "coref_f1": 0.6712041713726714,
  "mention_recall": 0.8920953575909661,
  "loss": 1.1838843083552268
}