{
  "coref_precision": 0.6749140311357321,
  "coref_recall": 0.5896868754881324,
  "coref_f1": 0.6294275970404603,
  "mention_recall": 0.8947368421052632,
  "loss": 1.5554130703538076
}