{
  "coref_precision": 0.7011035892521393,
  "coref_recall": 0.5722985909072856,
  "coref_f1": 0.6299714059159327,
  "mention_recall": 0.9052823315118397,
  "loss": 53.18965781199422
}