{
  "coref_precision": 0.6673387941247283,
  "coref_recall": 0.5495590482563512,
  "coref_f1": 0.602749133270425,
  "mention_recall": 0.8959899749373433,
  "loss": 1.2185732904967668
}