{
  "coref_precision": 0.76624459180513,
  "coref_recall": 0.6429158416456483,
  "coref_f1": 0.6991828998108542,
  "mention_recall": 0.903387703889586,
  "loss": 0.9250255681323977
}