{
  "coref_precision": 0.6941385024421529,
  "coref_recall": 0.6354360599458638,
  "coref_f1": 0.6634866391157886,
  "mention_recall": 0.9325980392156863,
  "loss": 1.1564733519848454
}