Config: 8 and False and 1000000
Result: (-0.11650643393064422, -0.739373114283887, 0.921989121989122)
0.0416532000568178