Config: 7 and False and 1000000
Result: (-0.07270105090332152, -0.6175313742539105, 0.8777777777777778)
0.040976718068122864