Config: 6b and False and 1000000
Result: (0.19441886163661315, 0.2713334932494151, 0.305982905982906)
0.04215445021788279