{
  "coref_precision": 0.6227174597229376,
  "coref_recall": 0.5377708295984021,
  "coref_f1": 0.5771337292044779,
  "mention_recall": 0.9096612296110415,
  "loss": 1.4969875651508195
}