{
  "coref_precision": 0.6658514581244513,
  "coref_recall": 0.6045377970816567,
  "coref_f1": 0.6337100164840784,
  "mention_recall": 0.9250614250614251,
  "loss": 1.351413802105526
}