{
  "coref_precision": 0.6907294643953934,
  "coref_recall": 0.584424311180021,
  "coref_f1": 0.6330527692915932,
  "mention_recall": 0.89561829589152,
  "loss": 50.80179563572566
}