{
  "coref_precision": 0.682552360176421,
  "coref_recall": 0.5848848266317509,
  "coref_f1": 0.629852780205051,
  "mention_recall": 0.900374418133981,
  "loss": 53.62330623842634
}