{
  "coref_precision": 0.6819961488495939,
  "coref_recall": 0.6350471922775844,
  "coref_f1": 0.657681023579224,
  "mention_recall": 0.928921568627451,
  "loss": 1.298912014712793
}