{
  "coref_precision": 0.690615830885167,
  "coref_recall": 0.5907548533628659,
  "coref_f1": 0.6367939948411767,
  "mention_recall": 0.8984962406015038,
  "loss": 1.3021231520101084
}