{
  "coref_precision": 0.6973878658212819,
  "coref_recall": 0.6572070494864612,
  "coref_f1": 0.6766956943526604,
  "mention_recall": 0.9203431372549019,
  "loss": 1.3517153801883661
}