{
  "coref_precision": 0.6306940423723361,
  "coref_recall": 0.5500677512918938,
  "coref_f1": 0.5876278479009582,
  "mention_recall": 0.8809523809523809,
  "loss": 1.4720613240192375
}