{
  "coref_precision": 0.7673668844025521,
  "coref_recall": 0.6409706262123526,
  "coref_f1": 0.69849673787538,
  "mention_recall": 0.8971141781681304,
  "loss": 0.9896822756770468
}