{
  "coref_precision": 0.5569826817699678,
  "coref_recall": 0.5211333342912289,
  "coref_f1": 0.5384617849015169,
  "mention_recall": 0.9262899262899262,
  "loss": 1.8934635780939277
}