{
  "coref_precision": 0.7653621193251379,
  "coref_recall": 0.6650236816022165,
  "coref_f1": 0.7116729059618079,
  "mention_recall": 0.8845671267252195,
  "loss": 0.9883559228741476
}