{
  "coref_precision": 0.5184474684220693,
  "coref_recall": 0.49430694649992885,
  "coref_f1": 0.5060893537675227,
  "mention_recall": 0.9226044226044227,
  "loss": 2.359566686758849
}