{
  "coref_precision": 0.6936341986659568,
  "coref_recall": 0.5671009041652453,
  "coref_f1": 0.6238510312880406,
  "mention_recall": 0.8986035215543412,
  "loss": 51.01655651145647
}