{
  "coref_precision": 0.6905741548482384,
  "coref_recall": 0.579216311850452,
  "coref_f1": 0.6298694138738166,
  "mention_recall": 0.9030560615260069,
  "loss": 53.11501211851056
}