{
  "coref_precision": 0.7186225716369684,
  "coref_recall": 0.6864557691763574,
  "coref_f1": 0.7021705427241881,
  "mention_recall": 0.9375,
  "loss": 1.2275015145616377
}