{
  "coref_precision": 0.5432708527823499,
  "coref_recall": 0.5296512678091624,
  "coref_f1": 0.5363717810765973,
  "mention_recall": 0.9434889434889435,
  "loss": 2.0087733900182143
}