{
  "coref_precision": 0.5823170323789228,
  "coref_recall": 0.5578654012864538,
  "coref_f1": 0.5698276499160843,
  "mention_recall": 0.9422604422604423,
  "loss": 2.206818456480334
}