{
  "coref_precision": 0.6536434097137097,
  "coref_recall": 0.6273895585170094,
  "coref_f1": 0.6402441883347345,
  "mention_recall": 0.9399509803921569,
  "loss": 1.673554445862388
}