{
  "coref_precision": 0.7468734681044156,
  "coref_recall": 0.6752930281758776,
  "coref_f1": 0.7092740146316174,
  "mention_recall": 0.9134253450439147,
  "loss": 1.048818886067706
}