{
  "coref_precision": 0.8128841938108547,
  "coref_recall": 0.7564316112266344,
  "coref_f1": 0.7836373273316598,
  "mention_recall": 0.9385194479297365,
  "loss": 0.8980552671297174
}