{
  "coref_precision": 0.6516226853881102,
  "coref_recall": 0.6011901487222252,
  "coref_f1": 0.6253869839173302,
  "mention_recall": 0.9147869674185464,
  "loss": 1.4401516539007488
}