{
  "coref_precision": 0.7607514938706584,
  "coref_recall": 0.7046138450301845,
  "coref_f1": 0.7316068527317001,
  "mention_recall": 0.9348370927318296,
  "loss": 1.0879993961112733
}