{
  "coref_precision": 0.7822309906868731,
  "coref_recall": 0.6632095955531147,
  "coref_f1": 0.7178199436215221,
  "mention_recall": 0.8870765370138017,
  "loss": 0.7802621326307237
}