{
  "coref_precision": 0.6833809756702548,
  "coref_recall": 0.5758306753510782,
  "coref_f1": 0.6248933693327169,
  "mention_recall": 0.9010321797207043,
  "loss": 52.272737259706936
}