{
  "coref_precision": 0.6886214163609755,
  "coref_recall": 0.5803194261431762,
  "coref_f1": 0.6297010366549024,
  "mention_recall": 0.9017911353976927,
  "loss": 51.84149323172878
}