{
  "coref_precision": 0.5474846004954793,
  "coref_recall": 0.4977340179094565,
  "coref_f1": 0.5214245222395003,
  "mention_recall": 0.9324324324324325,
  "loss": 1.9108742200350863
}