{
  "coref_precision": 0.5584793860205134,
  "coref_recall": 0.52206349092314,
  "coref_f1": 0.5396577754547333,
  "mention_recall": 0.9398034398034398,
  "loss": 2.1720436309689757
}