{
  "coref_precision": 0.6823758983533273,
  "coref_recall": 0.6356285780305387,
  "coref_f1": 0.6581721181824397,
  "mention_recall": 0.9325980392156863,
  "loss": 1.5833337470413251
}