{
  "coref_precision": 0.6970881230465831,
  "coref_recall": 0.6315404698489275,
  "coref_f1": 0.6626973597956297,
  "mention_recall": 0.9085213032581454,
  "loss": 1.401092957382183
}