{
  "coref_precision": 0.7821570811909521,
  "coref_recall": 0.6693923675463346,
  "coref_f1": 0.7213937208468829,
  "mention_recall": 0.9223057644110275,
  "loss": 1.0679550972042133
}