{
  "coref_precision": 0.6906912882804033,
  "coref_recall": 0.6344259589357628,
  "coref_f1": 0.6613582034615594,
  "mention_recall": 0.9399509803921569,
  "loss": 1.2948582130862298
}