{
  "coref_precision": 0.6979374201787995,
  "coref_recall": 0.6348479075220879,
  "coref_f1": 0.6648994002590629,
  "mention_recall": 0.9058971141781681,
  "loss": 1.411612561757394
}