{
  "coref_precision": 0.772050647510001,
  "coref_recall": 0.6623366928778118,
  "coref_f1": 0.7129970125874102,
  "mention_recall": 0.9222082810539524,
  "loss": 1.0102092092102657
}