{
  "coref_precision": 0.6844224727579178,
  "coref_recall": 0.577897818449015,
  "coref_f1": 0.6265428574494819,
  "mention_recall": 0.8969338190649666,
  "loss": 52.96293678519653
}