{
  "coref_precision": 0.6379163125792028,
  "coref_recall": 0.5576854468449127,
  "coref_f1": 0.595108408047676,
  "mention_recall": 0.9210526315789473,
  "loss": 1.6842989913250728
}