{
  "coref_precision": 0.6955134836988228,
  "coref_recall": 0.6351071404992973,
  "coref_f1": 0.6639290484793069,
  "mention_recall": 0.9313725490196079,
  "loss": 1.6585166026471332
}