{
  "coref_precision": 0.7239608572469124,
  "coref_recall": 0.6328462402603431,
  "coref_f1": 0.6753426373418522,
  "mention_recall": 0.9196988707653702,
  "loss": 1.3443881502393302
}