{
  "coref_precision": 0.5579227250246185,
  "coref_recall": 0.5111326295536822,
  "coref_f1": 0.533501395580754,
  "mention_recall": 0.9324324324324325,
  "loss": 2.4940776661368997
}