{
  "coref_precision": 0.8154793590617061,
  "coref_recall": 0.6574073144346801,
  "coref_f1": 0.7279604975696922,
  "mention_recall": 0.8845671267252195,
  "loss": 0.6856034593905179
}