{
  "coref_precision": 0.5630570504228557,
  "coref_recall": 0.4514317037883417,
  "coref_f1": 0.5011012265865066,
  "mention_recall": 0.8784461152882206,
  "loss": 1.5284799230935437
}