{
  "coref_precision": 0.6925022620941151,
  "coref_recall": 0.5791727526967801,
  "coref_f1": 0.6305621395963151,
  "mention_recall": 0.9028030763003441,
  "loss": 53.70276935433905
}