{
  "coref_precision": 0.6745552960396178,
  "coref_recall": 0.6194830541644267,
  "coref_f1": 0.6458469277720599,
  "mention_recall": 0.9252450980392157,
  "loss": 1.3550080988462294
}