Config: 8 and False and 1000000
Result: (-1.3270891176235344, -1.8322130634813671, 0.9999222999223)
0.039854382938808865