Config: 6b and False and 1000000
Result: (-0.04685662142136704, -0.06691705226265346, 0.5507381507381507)
0.03958731757269965