Config: 7 and False and 1000000
Result: (-3.2450452598674646, -1.9749890205377576, 0.9999222999223)
0.03946441438462999