{
  "coref_precision": 0.6981498498455999,
  "coref_recall": 0.5696755782817956,
  "coref_f1": 0.627241463386422,
  "mention_recall": 0.9001720299534507,
  "loss": 57.11504440174583
}