{
  "coref_precision": 0.5379507085214822,
  "coref_recall": 0.50150920457938,
  "coref_f1": 0.519088825463296,
  "mention_recall": 0.9361179361179361,
  "loss": 2.1818205101541657
}