{
  "coref_precision": 0.7826961651966523,
  "coref_recall": 0.6895779318944274,
  "coref_f1": 0.7331915744764091,
  "mention_recall": 0.9159347553324969,
  "loss": 0.9364862645064882
}