{
  "coref_precision": 0.7271554152257135,
  "coref_recall": 0.646933640826021,
  "coref_f1": 0.6847023546782788,
  "mention_recall": 0.9197994987468672,
  "loss": 1.2821409859371071
}