{
  "coref_precision": 0.6999919774917038,
  "coref_recall": 0.6365181341897028,
  "coref_f1": 0.6667412396942473,
  "mention_recall": 0.9338235294117647,
  "loss": 1.2216278710565127
}