{
  "coref_precision": 0.6914894101459028,
  "coref_recall": 0.580074876789518,
  "coref_f1": 0.6307682723482215,
  "mention_recall": 0.9034102408419349,
  "loss": 53.65533816140385
}