{
  "coref_precision": 0.6764154753832686,
  "coref_recall": 0.5748336146411559,
  "coref_f1": 0.6214992141798722,
  "mention_recall": 0.8784461152882206,
  "loss": 1.2905604349190296
}