{
  "coref_precision": 0.7016518703559553,
  "coref_recall": 0.5772261613183586,
  "coref_f1": 0.6332166839927318,
  "mention_recall": 0.9011333738109695,
  "loss": 52.7647527474348
}