{
  "coref_precision": 0.7889052377231339,
  "coref_recall": 0.6453833351933147,
  "coref_f1": 0.7099635338121651,
  "mention_recall": 0.9146800501882058,
  "loss": 1.1546322862377543
}