{
  "coref_precision": 0.7162722839958171,
  "coref_recall": 0.6480663898556055,
  "coref_f1": 0.6804639417342662,
  "mention_recall": 0.9448529411764706,
  "loss": 1.4981075657459118
}