{
  "coref_precision": 0.5399299299299298,
  "coref_recall": 0.4905041405041404,
  "coref_f1": 0.5140315306359008,
  "mention_recall": 0.9447174447174447,
  "loss": 2.159968688435868
}