{
  "coref_precision": 0.7239665698764742,
  "coref_recall": 0.5894876362472592,
  "coref_f1": 0.649842455572795,
  "mention_recall": 0.9172932330827067,
  "loss": 1.4482588238667546
}