{
  "coref_precision": 0.6936836457953103,
  "coref_recall": 0.5852334679217289,
  "coref_f1": 0.6347524706950782,
  "mention_recall": 0.9066990487755515,
  "loss": 57.28871748329377
}