{
  "coref_precision": 0.4873394991100941,
  "coref_recall": 0.4417709575604312,
  "coref_f1": 0.46343078797616405,
  "mention_recall": 0.914004914004914,
  "loss": 2.6118331753672117
}