{
  "coref_precision": 0.7332237677073715,
  "coref_recall": 0.6503224943175924,
  "coref_f1": 0.6892889438493356,
  "mention_recall": 0.9093137254901961,
  "loss": 1.2746352240796168
}