{
  "coref_precision": 0.6836511239170625,
  "coref_recall": 0.5875861605546957,
  "coref_f1": 0.6319106673690934,
  "mention_recall": 0.9033596437968022,
  "loss": 53.09269815846681
}