{
  "coref_precision": 0.5413030580400481,
  "coref_recall": 0.5256498524042383,
  "coref_f1": 0.5333613844332227,
  "mention_recall": 0.9336609336609336,
  "loss": 2.1768870296461795
}