{
  "coref_precision": 0.5601390272555612,
  "coref_recall": 0.49859774946185004,
  "coref_f1": 0.5275780754486766,
  "mention_recall": 0.8884711779448622,
  "loss": 1.8562331020693839
}