{
  "coref_precision": 0.7176195040881118,
  "coref_recall": 0.6216294314493506,
  "coref_f1": 0.6661835413654106,
  "mention_recall": 0.8883312421580929,
  "loss": 1.210288528428275
}