{
  "coref_precision": 0.6745882119649634,
  "coref_recall": 0.6412303473577984,
  "coref_f1": 0.657481519183804,
  "mention_recall": 0.9338235294117647,
  "loss": 1.444379206607168
}