{
  "coref_precision": 0.6879684492573296,
  "coref_recall": 0.5807435867027865,
  "coref_f1": 0.6297127596133922,
  "mention_recall": 0.9018417324428254,
  "loss": 53.4128915766333
}