{
  "coref_precision": 0.6293293833677397,
  "coref_recall": 0.5225142231426599,
  "coref_f1": 0.5709689752172254,
  "mention_recall": 0.9060150375939849,
  "loss": 1.70864159033664
}