{
  "coref_precision": 0.5336900045808174,
  "coref_recall": 0.47172472084752776,
  "coref_f1": 0.5007947624263513,
  "mention_recall": 0.9312039312039312,
  "loss": 2.3423071846802825
}