{
  "coref_precision": 0.6974077327684102,
  "coref_recall": 0.5695740147137532,
  "coref_f1": 0.6270416994219957,
  "mention_recall": 0.9021329987452948,
  "loss": 1.3921535243215304
}