{
  "coref_precision": 0.6969754036628609,
  "coref_recall": 0.6136687250657838,
  "coref_f1": 0.6526685464257892,
  "mention_recall": 0.9338235294117647,
  "loss": 1.667185793316522
}