{
  "coref_precision": 0.6940971889641165,
  "coref_recall": 0.5710608797311777,
  "coref_f1": 0.6263666850310747,
  "mention_recall": 0.9034608378870674,
  "loss": 51.658150069246965
}