{
  "coref_precision": 0.7307489811712605,
  "coref_recall": 0.6348060429301806,
  "coref_f1": 0.6793647217496978,
  "mention_recall": 0.8845671267252195,
  "loss": 1.0113737043340607
}