{
  "coref_precision": 0.6620554892248068,
  "coref_recall": 0.5804204510086862,
  "coref_f1": 0.6185133668042889,
  "mention_recall": 0.8921568627450981,
  "loss": 1.1792014244339513
}