{
  "coref_precision": 0.5604955871193152,
  "coref_recall": 0.4962949392773955,
  "coref_f1": 0.5263997325939941,
  "mention_recall": 0.8992628992628993,
  "loss": 1.7299541174087782
}