{
  "coref_precision": 0.6948594873428952,
  "coref_recall": 0.5718386923259099,
  "coref_f1": 0.6271958975933258,
  "mention_recall": 0.9033090467516697,
  "loss": 55.056760753274105
}