{
  "coref_precision": 0.771856694577783,
  "coref_recall": 0.6713079265787051,
  "coref_f1": 0.718077690572244,
  "mention_recall": 0.8983688833124216,
  "loss": 1.0546422234251394
}