{
  "coref_precision": 0.5576451629820401,
  "coref_recall": 0.5045118084591769,
  "coref_f1": 0.5297489610637244,
  "mention_recall": 0.9262899262899262,
  "loss": 2.095725541573366
}