{
  "coref_precision": 0.703647948220973,
  "coref_recall": 0.633696618377991,
  "coref_f1": 0.6668412785519666,
  "mention_recall": 0.9227941176470589,
  "loss": 1.3843487595439024
}