{
  "coref_precision": 0.6870176975701562,
  "coref_recall": 0.5911725643068927,
  "coref_f1": 0.6354990439361801,
  "mention_recall": 0.9010025062656641,
  "loss": 1.319616342669578
}