{
  "coref_precision": 0.7008861797389144,
  "coref_recall": 0.5759520447907228,
  "coref_f1": 0.63208955175309,
  "mention_recall": 0.9012345679012346,
  "loss": 50.0135801096685
}