{
  "coref_precision": 0.6756211260132874,
  "coref_recall": 0.6379522347659603,
  "coref_f1": 0.6562205320639147,
  "mention_recall": 0.9301470588235294,
  "loss": 1.2314678652698483
}