{
  "coref_precision": 0.7416026745640484,
  "coref_recall": 0.6805460628557373,
  "coref_f1": 0.7097538327284546,
  "mention_recall": 0.8971141781681304,
  "loss": 0.9268351340646097
}