{
  "coref_precision": 0.571909914928893,
  "coref_recall": 0.5412244837683434,
  "coref_f1": 0.5561207368230533,
  "mention_recall": 0.9250614250614251,
  "loss": 1.6313461637141
}