{
  "coref_precision": 0.6931458032257373,
  "coref_recall": 0.6271438622184892,
  "coref_f1": 0.6584904726554754,
  "mention_recall": 0.8959899749373433,
  "loss": 1.0424365541622376
}