{
  "coref_precision": 0.6963174575065579,
  "coref_recall": 0.573456362751814,
  "coref_f1": 0.6287443180402041,
  "mention_recall": 0.9060918842339607,
  "loss": 53.35182709278988
}