{
  "coref_precision": 0.6822455518779927,
  "coref_recall": 0.6078750860613605,
  "coref_f1": 0.6429028571140066,
  "mention_recall": 0.9264705882352942,
  "loss": 1.2656389446240637
}