{
  "coref_precision": 0.679259963833991,
  "coref_recall": 0.5989260609655199,
  "coref_f1": 0.6365679563478821,
  "mention_recall": 0.9146800501882058,
  "loss": 1.310466648795636
}