{
  "coref_precision": 0.5691780507581069,
  "coref_recall": 0.5120706831233147,
  "coref_f1": 0.5391102593377718,
  "mention_recall": 0.9201474201474201,
  "loss": 1.8732759441984743
}