{
  "coref_precision": 0.5812498123553138,
  "coref_recall": 0.5133603677266939,
  "coref_f1": 0.5451985590973917,
  "mention_recall": 0.9147869674185464,
  "loss": 1.7874858831645601
}