{
  "coref_precision": 0.6833312763274045,
  "coref_recall": 0.5800290431639442,
  "coref_f1": 0.627349108181937,
  "mention_recall": 0.8996154624569925,
  "loss": 53.24118191771204
}