{
  "coref_precision": 0.6876487394910237,
  "coref_recall": 0.5811036686041026,
  "coref_f1": 0.6297583552273482,
  "mention_recall": 0.8957194899817851,
  "loss": 53.813247458552325
}