{
  "coref_precision": 0.5826048358046875,
  "coref_recall": 0.5604729929291333,
  "coref_f1": 0.5713240251060715,
  "mention_recall": 0.9471744471744472,
  "loss": 2.0066753624150895
}