{
  "coref_precision": 0.71856048869886,
  "coref_recall": 0.6594214807778035,
  "coref_f1": 0.6877203795351626,
  "mention_recall": 0.9259723964868256,
  "loss": 1.2380329063446653
}