{
  "coref_precision": 0.7172627761462399,
  "coref_recall": 0.6930712941742354,
  "coref_f1": 0.704959374462168,
  "mention_recall": 0.9387254901960784,
  "loss": 1.3682227940730765
}