{
  "coref_precision": 0.6022806193834347,
  "coref_recall": 0.5532675978604232,
  "coref_f1": 0.5767341972449875,
  "mention_recall": 0.918546365914787,
  "loss": 1.6957725581009586
}