{
  "coref_precision": 0.5433603629523789,
  "coref_recall": 0.5205480999340647,
  "coref_f1": 0.5317095428178117,
  "mention_recall": 0.9459459459459459,
  "loss": 2.2205459115651944
}