{
  "coref_precision": 0.768392266037076,
  "coref_recall": 0.6669044980142237,
  "coref_f1": 0.7140602593973978,
  "mention_recall": 0.9109159347553325,
  "loss": 0.985793170601411
}