{
  "coref_precision": 0.657646500396584,
  "coref_recall": 0.6465956837280368,
  "coref_f1": 0.6520730308414255,
  "mention_recall": 0.946078431372549,
  "loss": 1.503279553469396
}