{
  "coref_precision": 0.6838115221818205,
  "coref_recall": 0.6097813097747636,
  "coref_f1": 0.6446779613792323,
  "mention_recall": 0.9172932330827067,
  "loss": 1.252516005139061
}