{
  "coref_precision": 0.6750687580790191,
  "coref_recall": 0.5926925879889752,
  "coref_f1": 0.6311485251175756,
  "mention_recall": 0.9005262092693787,
  "loss": 52.64361866823419
}