{
  "coref_precision": 0.6927654245270803,
  "coref_recall": 0.6587435628873178,
  "coref_f1": 0.6753168242585822,
  "mention_recall": 0.9260651629072681,
  "loss": 1.1825897917359658
}