{
  "coref_precision": 0.6285865021326963,
  "coref_recall": 0.6201364720972564,
  "coref_f1": 0.6243111081248829,
  "mention_recall": 0.9399509803921569,
  "loss": 1.5371519407816585
}