{
  "coref_precision": 0.7538716733139884,
  "coref_recall": 0.7166349263570138,
  "coref_f1": 0.7347724182993866,
  "mention_recall": 0.9297365119196989,
  "loss": 0.9512515489350875
}