{
  "coref_precision": 0.6058379073119574,
  "coref_recall": 0.5972328103907051,
  "coref_f1": 0.6014853885110529,
  "mention_recall": 0.9447174447174447,
  "loss": 1.7738921272897954
}