{
  "coref_precision": 0.6895711481001942,
  "coref_recall": 0.5780610754253472,
  "coref_f1": 0.6287901667848214,
  "mention_recall": 0.9044221817445861,
  "loss": 57.76830837363645
}