{
  "coref_precision": 0.6953356152137059,
  "coref_recall": 0.5774641083395546,
  "coref_f1": 0.6309411192303472,
  "mention_recall": 0.8933500627352572,
  "loss": 1.3528671644629382
}