{
  "coref_precision": 0.5342657701383463,
  "coref_recall": 0.4866231861845896,
  "coref_f1": 0.5093326350308786,
  "mention_recall": 0.9262899262899262,
  "loss": 2.1412369757202976
}