{
  "coref_precision": 0.7176435767057253,
  "coref_recall": 0.6430856770317556,
  "coref_f1": 0.6783208862726772,
  "mention_recall": 0.9203431372549019,
  "loss": 1.288456260625108
}