{
  "coref_precision": 0.639973556229363,
  "coref_recall": 0.5291935458274815,
  "coref_f1": 0.57933333862889,
  "mention_recall": 0.8909774436090225,
  "loss": 1.57108764551536
}