{
  "coref_precision": 0.699950711372367,
  "coref_recall": 0.5798367937602024,
  "coref_f1": 0.6341254559492508,
  "mention_recall": 0.90548471969237,
  "loss": 56.24479721785468
}