{
  "coref_precision": 0.6200543503364301,
  "coref_recall": 0.5223989417233722,
  "coref_f1": 0.5670525748719296,
  "mention_recall": 0.8809523809523809,
  "loss": 1.5601566982914112
}