{
  "coref_precision": 0.6932055334466952,
  "coref_recall": 0.6052335917531996,
  "coref_f1": 0.6462389428113283,
  "mention_recall": 0.9007352941176471,
  "loss": 1.3047244765983932
}