{
  "coref_precision": 0.7099770424142156,
  "coref_recall": 0.6109317153613564,
  "coref_f1": 0.6567344812009265,
  "mention_recall": 0.8920953575909661,
  "loss": 1.2848643198658736
}