{
  "coref_precision": 0.5457904535062595,
  "coref_recall": 0.47590413379887053,
  "coref_f1": 0.5084549075587596,
  "mention_recall": 0.9017199017199017,
  "loss": 1.9850004465343576
}