{
  "coref_precision": 0.6977836888830292,
  "coref_recall": 0.5761504005030681,
  "coref_f1": 0.6309451658046529,
  "mention_recall": 0.9027524792552115,
  "loss": 52.0712179354288
}