{
  "coref_precision": 0.6290130326719298,
  "coref_recall": 0.528715615361334,
  "coref_f1": 0.5745168540971441,
  "mention_recall": 0.8897243107769424,
  "loss": 1.4617292397477153
}