{
  "coref_precision": 0.6882755716938354,
  "coref_recall": 0.6385692829320281,
  "coref_f1": 0.6624869846542771,
  "mention_recall": 0.9105392156862745,
  "loss": 1.247908273362008
}