{
  "coref_precision": 0.5387911854134885,
  "coref_recall": 0.49636055513248484,
  "coref_f1": 0.5166883750398835,
  "mention_recall": 0.9090909090909091,
  "loss": 2.064298583775292
}