{
  "coref_precision": 0.769953462234164,
  "coref_recall": 0.6528893471575193,
  "coref_f1": 0.7065985667537849,
  "mention_recall": 0.8958594730238394,
  "loss": 0.9468416947751045
}