{
  "coref_precision": 0.6920050798580402,
  "coref_recall": 0.5735887498370977,
  "coref_f1": 0.6270583538559099,
  "mention_recall": 0.902347702894151,
  "loss": 54.23003590684123
}