{
  "coref_precision": 0.5015628786681418,
  "coref_recall": 0.4563757537441748,
  "coref_f1": 0.47790335538119527,
  "mention_recall": 0.9250614250614251,
  "loss": 2.269049693589307
}