{
  "coref_precision": 0.7230122782921228,
  "coref_recall": 0.6592544846221318,
  "coref_f1": 0.6896600514897965,
  "mention_recall": 0.9215686274509803,
  "loss": 1.2958967981766365
}