{
  "coref_precision": 0.6691261552979677,
  "coref_recall": 0.5840421981885716,
  "coref_f1": 0.6236935729087355,
  "mention_recall": 0.8847117794486216,
  "loss": 1.3665303144898793
}