{
  "coref_precision": 0.747164642244876,
  "coref_recall": 0.6429390462863607,
  "coref_f1": 0.6911378684896502,
  "mention_recall": 0.8782936010037641,
  "loss": 1.0696434828240993
}