{
  "coref_precision": 0.6868711060582284,
  "coref_recall": 0.581540815865629,
  "coref_f1": 0.6297093759785932,
  "mention_recall": 0.9040174053835256,
  "loss": 53.50447507292947
}