{
  "coref_precision": 0.6822447041446442,
  "coref_recall": 0.59563890693113,
  "coref_f1": 0.6360069581702524,
  "mention_recall": 0.9122807017543859,
  "loss": 1.5604516293171597
}