{
  "coref_precision": 0.7735461113121679,
  "coref_recall": 0.6643687237680611,
  "coref_f1": 0.7148119194260384,
  "mention_recall": 0.904642409033877,
  "loss": 1.0888109256491387
}