{
  "coref_precision": 0.6992379006865996,
  "coref_recall": 0.6348191886182083,
  "coref_f1": 0.6654683650719196,
  "mention_recall": 0.9276960784313726,
  "loss": 1.5301323921779022
}