{
  "coref_precision": 0.5529896960745682,
  "coref_recall": 0.506805330050944,
  "coref_f1": 0.5288901478058508,
  "mention_recall": 0.9250614250614251,
  "loss": 2.1653113188682163
}