{
  "coref_precision": 0.687632550620379,
  "coref_recall": 0.5802674698609208,
  "coref_f1": 0.6292731787607778,
  "mention_recall": 0.8994130742764622,
  "loss": 58.71279270555801
}