{
  "coref_precision": 0.6739026014170864,
  "coref_recall": 0.548132174624712,
  "coref_f1": 0.6045453045306669,
  "mention_recall": 0.8784461152882206,
  "loss": 1.5409442571371048
}