{
  "coref_precision": 0.576371090486172,
  "coref_recall": 0.509552375341849,
  "coref_f1": 0.5409042544105175,
  "mention_recall": 0.9054054054054054,
  "loss": 2.0366578077777917
}