{
  "coref_precision": 0.6593332942954588,
  "coref_recall": 0.5926671005102379,
  "coref_f1": 0.6242251392436705,
  "mention_recall": 0.9166666666666666,
  "loss": 1.5190608349379318
}