{
  "coref_precision": 0.7761159913649675,
  "coref_recall": 0.6434143701007126,
  "coref_f1": 0.703562303834488,
  "mention_recall": 0.8833124215809285,
  "loss": 1.0231761453250996
}