Config: 6b and False and 1000000
Result: (0.18648661079914042, 0.2575955826711344, 0.31375291375291375)
0.04125893248452081