Config: 7 and False and 1000000
Result: (0.3563874073304998, 1.4469621180552201, 0.0013986013986013986)
0.0408169988128874