Config: 8 and False and 1000000
Result: (0.47681208312057005, 1.644599504935447, 0.0)
0.041004907290140793