{
  "coref_precision": 0.6962190706849284,
  "coref_recall": 0.5754290781415098,
  "coref_f1": 0.6298781099928741,
  "mention_recall": 0.9037644201578627,
  "loss": 51.673970698780074
}