{
  "coref_precision": 0.6814496529109295,
  "coref_recall": 0.5843403101981534,
  "coref_f1": 0.6291678398152589,
  "mention_recall": 0.9129901960784313,
  "loss": 1.1808256704802838
}