{
  "coref_precision": 0.5699498737099679,
  "coref_recall": 0.49535979360540755,
  "coref_f1": 0.5300409406664722,
  "mention_recall": 0.918918918918919,
  "loss": 1.7741777675626673
}