{
  "coref_precision": 0.6907551648380146,
  "coref_recall": 0.530799469637209,
  "coref_f1": 0.6003041153402596,
  "mention_recall": 0.8983688833124216,
  "loss": 1.2396821003364986
}