{
  "coref_precision": 0.6644050892713385,
  "coref_recall": 0.5130026275548664,
  "coref_f1": 0.5789646567807232,
  "mention_recall": 0.8897243107769424,
  "loss": 1.4043060659297855
}