{
  "coref_precision": 0.6952568976536201,
  "coref_recall": 0.5706564480771906,
  "coref_f1": 0.6265945013704446,
  "mention_recall": 0.9014875531268974,
  "loss": 52.26821144824933
}