{
  "coref_precision": 0.6963096167610425,
  "coref_recall": 0.5670919128915769,
  "coref_f1": 0.6248421102903037,
  "mention_recall": 0.9024488969844161,
  "loss": 56.8552963844368
}