{
  "coref_precision": 0.6319125049850766,
  "coref_recall": 0.49045830013048103,
  "coref_f1": 0.5522712409818821,
  "mention_recall": 0.8958594730238394,
  "loss": 1.8702322181777566
}