{
  "coref_precision": 0.6083229681572101,
  "coref_recall": 0.5398452961736566,
  "coref_f1": 0.5720419484491254,
  "mention_recall": 0.9096612296110415,
  "loss": 1.6417030266373134
}