{
  "coref_precision": 0.6607381749939081,
  "coref_recall": 0.5084668994462134,
  "coref_f1": 0.5746853272571785,
  "mention_recall": 0.8859649122807017,
  "loss": 1.5544618255005969
}