{
  "coref_precision": 0.69181491988394,
  "coref_recall": 0.6412293473696983,
  "coref_f1": 0.6655594522310175,
  "mention_recall": 0.9312039312039312,
  "loss": 1.272325299588466
}