{
  "coref_precision": 0.5706947161209003,
  "coref_recall": 0.5250028294145941,
  "coref_f1": 0.5468906543149682,
  "mention_recall": 0.9301470588235294,
  "loss": 1.8665544344890306
}