{
  "coref_precision": 0.5991936427092602,
  "coref_recall": 0.5139506332488789,
  "coref_f1": 0.5533034732102754,
  "mention_recall": 0.9017199017199017,
  "loss": 1.8831950118247007
}