{
  "coref_precision": 0.8325790913574949,
  "coref_recall": 0.722830812520522,
  "coref_f1": 0.7738330380328483,
  "mention_recall": 0.9047619047619048,
  "loss": 0.7211181534692892
}