{
  "coref_precision": 0.6214180030429571,
  "coref_recall": 0.5416560563619387,
  "coref_f1": 0.5787993789034832,
  "mention_recall": 0.9142156862745098,
  "loss": 1.8338922987923345
}