{
  "coref_precision": 0.6866956033557261,
  "coref_recall": 0.5885030942867153,
  "coref_f1": 0.6337351658067821,
  "mention_recall": 0.9013863590366322,
  "loss": 52.67612860651253
}