{
  "coref_precision": 0.7025196245278483,
  "coref_recall": 0.6523187586031263,
  "coref_f1": 0.6764890717735389,
  "mention_recall": 0.931077694235589,
  "loss": 1.2217592678673352
}