{
  "coref_precision": 0.7256791248726732,
  "coref_recall": 0.6769864804871912,
  "coref_f1": 0.7004873410974071,
  "mention_recall": 0.9284818067754078,
  "loss": 1.1786589003263221
}