{
  "coref_precision": 0.6508348835040357,
  "coref_recall": 0.6286402187137481,
  "coref_f1": 0.6395446510008521,
  "mention_recall": 0.9375,
  "loss": 1.4841316645620144
}