{
  "coref_precision": 0.5826492759738383,
  "coref_recall": 0.569707785935856,
  "coref_f1": 0.5761058264961895,
  "mention_recall": 0.9398034398034398,
  "loss": 1.8151362018431576
}