{
  "coref_precision": 0.6720853167154215,
  "coref_recall": 0.5856110710277377,
  "coref_f1": 0.6258626150284611,
  "mention_recall": 0.9056372549019608,
  "loss": 1.4974114845190294
}