{
  "coref_precision": 0.7751896600520455,
  "coref_recall": 0.6414837126738149,
  "coref_f1": 0.7020266308383608,
  "mention_recall": 0.9010025062656641,
  "loss": 0.9528023151713643
}