{
  "coref_precision": 0.6788220819484683,
  "coref_recall": 0.6187097987343085,
  "coref_f1": 0.6473667886398816,
  "mention_recall": 0.9191176470588235,
  "loss": 1.3481552970430368
}