{
  "coref_precision": 0.5664201227168374,
  "coref_recall": 0.5224324860289772,
  "coref_f1": 0.5435244562782049,
  "mention_recall": 0.9201474201474201,
  "loss": 1.9338845109768954
}