{
  "coref_precision": 0.7988605728453058,
  "coref_recall": 0.6564760816886933,
  "coref_f1": 0.7207029348682624,
  "mention_recall": 0.8958594730238394,
  "loss": 0.8931970745297
}