{
  "coref_precision": 0.6847397444865501,
  "coref_recall": 0.5820933442749507,
  "coref_f1": 0.6291699133169124,
  "mention_recall": 0.9036126290224651,
  "loss": 53.40842320067185
}