{
  "coref_precision": 0.7774394765901508,
  "coref_recall": 0.6759494111528861,
  "coref_f1": 0.7231508152447749,
  "mention_recall": 0.9071518193224593,
  "loss": 0.9000851056268736
}