{
  "coref_precision": 0.6836680287024118,
  "coref_recall": 0.5926161041832684,
  "coref_f1": 0.6348937224507379,
  "mention_recall": 0.9010025062656641,
  "loss": 1.3109808070186215
}