{
  "coref_precision": 0.7112599035661326,
  "coref_recall": 0.6635979897009309,
  "coref_f1": 0.686601157682834,
  "mention_recall": 0.9313725490196079,
  "loss": 1.1197182623655688
}