{
  "coref_precision": 0.5356007554801253,
  "coref_recall": 0.5022869417606258,
  "coref_f1": 0.5184011496749087,
  "mention_recall": 0.9312039312039312,
  "loss": 1.9772076159296734
}