{
  "coref_precision": 0.5068132131264486,
  "coref_recall": 0.44842254535236986,
  "coref_f1": 0.47582354653303366,
  "mention_recall": 0.9090909090909091,
  "loss": 2.2814476736048057
}