{
  "coref_precision": 0.7074086407419742,
  "coref_recall": 0.6184458379311321,
  "coref_f1": 0.6599237419065949,
  "mention_recall": 0.8995098039215687,
  "loss": 1.2459869316426258
}