{
  "coref_precision": 0.7764200414646707,
  "coref_recall": 0.6458252019070019,
  "coref_f1": 0.7051266295842854,
  "mention_recall": 0.890840652446675,
  "loss": 0.9067775596061682
}