{
  "coref_precision": 0.6652777801579299,
  "coref_recall": 0.5986141173641174,
  "coref_f1": 0.6301856575050623,
  "mention_recall": 0.9031862745098039,
  "loss": 1.3389160208498996
}