{
  "coref_precision": 0.7283300438709501,
  "coref_recall": 0.6094118437205632,
  "coref_f1": 0.6635849564105424,
  "mention_recall": 0.918546365914787,
  "loss": 1.1409994411165119
}