{
  "coref_precision": 0.796506037974065,
  "coref_recall": 0.6603297187960061,
  "coref_f1": 0.7220531780904197,
  "mention_recall": 0.9146800501882058,
  "loss": 0.8486404182220746
}