{
  "coref_precision": 0.5629680241079205,
  "coref_recall": 0.5193770325349273,
  "coref_f1": 0.5402932657021527,
  "mention_recall": 0.9275184275184275,
  "loss": 1.7905097322412058
}