{
  "coref_precision": 0.6931909250742598,
  "coref_recall": 0.5763712055295334,
  "coref_f1": 0.6292440728625484,
  "mention_recall": 0.9040174053835256,
  "loss": 56.52591467153913
}