{
  "coref_precision": 0.8015082009432293,
  "coref_recall": 0.705947462728972,
  "coref_f1": 0.7506982846808882,
  "mention_recall": 0.9134253450439147,
  "loss": 0.8758345863385856
}