{
  "coref_precision": 0.5183052253969608,
  "coref_recall": 0.4771794920917727,
  "coref_f1": 0.49687897422109967,
  "mention_recall": 0.9422604422604423,
  "loss": 2.225838206872487
}