{
  "coref_precision": 0.7140303306816316,
  "coref_recall": 0.660801938620566,
  "coref_f1": 0.686370139787845,
  "mention_recall": 0.9485294117647058,
  "loss": 1.373942232461258
}