{
  "coref_precision": 0.6941079588136289,
  "coref_recall": 0.610299745544574,
  "coref_f1": 0.6495109682412954,
  "mention_recall": 0.9085213032581454,
  "loss": 1.2700931741509527
}