{
  "coref_precision": 0.6930766197383974,
  "coref_recall": 0.5786573526966051,
  "coref_f1": 0.6306009316304135,
  "mention_recall": 0.8936956081764825,
  "loss": 52.12649179643556
}