{
  "coref_precision": 0.5528624983352567,
  "coref_recall": 0.5125555779064551,
  "coref_f1": 0.5319460499626691,
  "mention_recall": 0.9238329238329238,
  "loss": 1.9368462718123007
}