{
  "coref_precision": 0.6886172680252841,
  "coref_recall": 0.6278147959520509,
  "coref_f1": 0.6568088334858753,
  "mention_recall": 0.9191176470588235,
  "loss": 1.207785605107696
}