{
  "coref_precision": 0.777758704628408,
  "coref_recall": 0.6508441541735817,
  "coref_f1": 0.7086638229703066,
  "mention_recall": 0.8845671267252195,
  "loss": 0.8719535053283239
}