{
  "coref_precision": 0.7078005910110138,
  "coref_recall": 0.5983880438318773,
  "coref_f1": 0.6485105693362462,
  "mention_recall": 0.8809523809523809,
  "loss": 1.11242879852444
}