{
  "coref_precision": 0.6931538266933295,
  "coref_recall": 0.5703832173452691,
  "coref_f1": 0.6256328914596145,
  "mention_recall": 0.8999696417729205,
  "loss": 57.19452398037806
}