{
  "coref_precision": 0.7045994959456499,
  "coref_recall": 0.6009069468473811,
  "coref_f1": 0.6486351326562546,
  "mention_recall": 0.8870765370138017,
  "loss": 1.3404675381030846
}