{
  "coref_precision": 0.5974051502236678,
  "coref_recall": 0.5274526919263761,
  "coref_f1": 0.5602534135509272,
  "mention_recall": 0.902948402948403,
  "loss": 2.1556495058425433
}