{
  "coref_precision": 0.6333843581955771,
  "coref_recall": 0.5594761810448085,
  "coref_f1": 0.5941394752122876,
  "mention_recall": 0.9117647058823529,
  "loss": 1.6929233563398125
}