{
  "coref_precision": 0.660158045362856,
  "coref_recall": 0.5621574194040809,
  "coref_f1": 0.6072285334921584,
  "mention_recall": 0.8922305764411027,
  "loss": 1.5307935562823929
}