{
  "coref_precision": 0.6952792119798875,
  "coref_recall": 0.5751003888829139,
  "coref_f1": 0.6292954292011308,
  "mention_recall": 0.9032584497065371,
  "loss": 55.33196225342929
}