{
  "coref_precision": 0.6922596935922928,
  "coref_recall": 0.5704289276491926,
  "coref_f1": 0.6254412310652052,
  "mention_recall": 0.8833124215809285,
  "loss": 1.3946278998974566
}