{
  "coref_precision": 0.6793689066215213,
  "coref_recall": 0.5855261885899141,
  "coref_f1": 0.6289618597566784,
  "mention_recall": 0.8921568627450981,
  "loss": 1.5215354145657758
}