{
  "coref_precision": 0.5709499776223316,
  "coref_recall": 0.4988565975408081,
  "coref_f1": 0.5324707957049486,
  "mention_recall": 0.8992628992628993,
  "loss": 2.4075901695130164
}