{
  "coref_precision": 0.6257612990484326,
  "coref_recall": 0.5073500941660146,
  "coref_f1": 0.560360262332971,
  "mention_recall": 0.8759398496240601,
  "loss": 1.9336900588357164
}