{
  "coref_precision": 0.6941866669575445,
  "coref_recall": 0.5707692356166227,
  "coref_f1": 0.626234681821646,
  "mention_recall": 0.9047257640153815,
  "loss": 56.0367118816608
}