{
  "coref_precision": 0.6961946587748115,
  "coref_recall": 0.5767651694211704,
  "coref_f1": 0.6306205630743197,
  "mention_recall": 0.902347702894151,
  "loss": 52.28675274311126
}