{
  "coref_precision": 0.6996554201000483,
  "coref_recall": 0.6024885729324064,
  "coref_f1": 0.647446647676885,
  "mention_recall": 0.8959899749373433,
  "loss": 1.1852715407170673
}