{
  "coref_precision": 0.6279949636657571,
  "coref_recall": 0.5720383692197416,
  "coref_f1": 0.598710776874488,
  "mention_recall": 0.9240196078431373,
  "loss": 1.4520040565892818
}