{
  "coref_precision": 0.6571678877826304,
  "coref_recall": 0.5867530345471522,
  "coref_f1": 0.6199582877750965,
  "mention_recall": 0.9129901960784313,
  "loss": 1.583236656871974
}