{
  "coref_precision": 0.6002965482489292,
  "coref_recall": 0.5419818542625561,
  "coref_f1": 0.5696459269753144,
  "mention_recall": 0.9176904176904177,
  "loss": 1.6669746775835017
}