{
  "coref_precision": 0.7256677572352311,
  "coref_recall": 0.6289623314437377,
  "coref_f1": 0.6738630891022505,
  "mention_recall": 0.8920953575909661,
  "loss": 1.1637552603039785
}