{
  "coref_precision": 0.7712203676925028,
  "coref_recall": 0.6596040738813715,
  "coref_f1": 0.7110577814017174,
  "mention_recall": 0.8872180451127819,
  "loss": 0.9329182054894335
}