{
  "coref_precision": 0.5661616428292481,
  "coref_recall": 0.5049798203306975,
  "coref_f1": 0.5338175964871321,
  "mention_recall": 0.9090909090909091,
  "loss": 1.985480650875689
}