{
  "coref_precision": 0.6414318250375399,
  "coref_recall": 0.5568278022567331,
  "coref_f1": 0.5961424758789418,
  "mention_recall": 0.9008782936010038,
  "loss": 1.3722546147844104
}