{
  "coref_precision": 0.6647673022588281,
  "coref_recall": 0.5800787964181523,
  "coref_f1": 0.6194814304233938,
  "mention_recall": 0.8834586466165414,
  "loss": 1.2111197008726458
}