{
  "coref_precision": 0.6875431609628588,
  "coref_recall": 0.5801463025757597,
  "coref_f1": 0.629160841881972,
  "mention_recall": 0.9050293462861769,
  "loss": 53.138490139069866
}