{
  "coref_precision": 0.5676486661516607,
  "coref_recall": 0.4794319395654824,
  "coref_f1": 0.5198239162090084,
  "mention_recall": 0.8872180451127819,
  "loss": 1.8245959772084468
}