{
  "coref_precision": 0.49290693879961084,
  "coref_recall": 0.45442280968596754,
  "coref_f1": 0.4728823452366074,
  "mention_recall": 0.9287469287469288,
  "loss": 2.5781461685149436
}