{
  "coref_precision": 0.8197910170970678,
  "coref_recall": 0.692203279964038,
  "coref_f1": 0.7506138176196885,
  "mention_recall": 0.8958594730238394,
  "loss": 0.7673477674803753
}