{
  "coref_precision": 0.7405865326010126,
  "coref_recall": 0.6847841746126061,
  "coref_f1": 0.7115928209062495,
  "mention_recall": 0.928921568627451,
  "loss": 1.0831694705340131
}