{
  "coref_precision": 0.6982085233917869,
  "coref_recall": 0.5726254607005934,
  "coref_f1": 0.6290401153778383,
  "mention_recall": 0.9009815826755717,
  "loss": 54.367487011552285
}