{
  "coref_precision": 0.6933610212094862,
  "coref_recall": 0.564803614103279,
  "coref_f1": 0.6225141098086128,
  "mention_recall": 0.8845671267252195,
  "loss": 1.1719895890526497
}