{
  "coref_precision": 0.7173962845643302,
  "coref_recall": 0.5768728318610487,
  "coref_f1": 0.6395056792019874,
  "mention_recall": 0.8822055137844611,
  "loss": 1.1412890545198766
}