{
  "coref_precision": 0.6874275536275759,
  "coref_recall": 0.5790635513482434,
  "coref_f1": 0.6284501481650876,
  "mention_recall": 0.9023982999392836,
  "loss": 53.58826573126703
}