{
  "coref_precision": 0.7747431190235149,
  "coref_recall": 0.6801858376027008,
  "coref_f1": 0.7243893961112802,
  "mention_recall": 0.9060150375939849,
  "loss": 0.8268743668404734
}