{
  "coref_precision": 0.5991637045561097,
  "coref_recall": 0.5646014887436456,
  "coref_f1": 0.5813668547799926,
  "mention_recall": 0.9362745098039216,
  "loss": 1.6460978997319482
}