{
  "coref_precision": 0.6829614177051754,
  "coref_recall": 0.6095992652636645,
  "coref_f1": 0.6441966997600712,
  "mention_recall": 0.904642409033877,
  "loss": 1.1233778832003376
}