{
  "coref_precision": 0.6392596197051893,
  "coref_recall": 0.6042451542451541,
  "coref_f1": 0.6212590109364977,
  "mention_recall": 0.9373464373464373,
  "loss": 1.4002398662604618
}