{
  "coref_precision": 0.5118124373505444,
  "coref_recall": 0.45170776837443505,
  "coref_f1": 0.4798835641991275,
  "mention_recall": 0.9176904176904177,
  "loss": 2.3055214478236374
}