{
  "coref_precision": 0.7144851529623842,
  "coref_recall": 0.6028685935402354,
  "coref_f1": 0.6539453397327086,
  "mention_recall": 0.8909774436090225,
  "loss": 1.017683539278565
}