{
  "coref_precision": 0.7371395347456501,
  "coref_recall": 0.6505108861726508,
  "coref_f1": 0.6911158538167023,
  "mention_recall": 0.9154411764705882,
  "loss": 1.1342089032665938
}