{
  "coref_precision": 0.7980152983554615,
  "coref_recall": 0.6645766260621845,
  "coref_f1": 0.7252087918902376,
  "mention_recall": 0.8946047678795483,
  "loss": 0.7272860143615321
}