{
  "coref_precision": 0.6913591976754162,
  "coref_recall": 0.5685991762843842,
  "coref_f1": 0.6236471361583852,
  "mention_recall": 0.9075591985428051,
  "loss": 53.54755783044056
}