{
  "coref_precision": 0.6218165342922507,
  "coref_recall": 0.5300633553084534,
  "coref_f1": 0.5722757778463059,
  "mention_recall": 0.8946078431372549,
  "loss": 1.6204601951761972
}