{
  "coref_precision": 0.6678130735019779,
  "coref_recall": 0.5925186741363212,
  "coref_f1": 0.6279166581874316,
  "mention_recall": 0.9154411764705882,
  "loss": 1.2239229112549608
}