{
  "coref_precision": 0.7064944356696481,
  "coref_recall": 0.5743915986256912,
  "coref_f1": 0.6336298386666658,
  "mention_recall": 0.8721804511278195,
  "loss": 1.1174762304803525
}