{
  "coref_precision": 0.7720334678365353,
  "coref_recall": 0.5929577133950007,
  "coref_f1": 0.6707489011334259,
  "mention_recall": 0.8834586466165414,
  "loss": 0.880453728676984
}