{
  "coref_precision": 0.7478784489711612,
  "coref_recall": 0.5828462689686356,
  "coref_f1": 0.6551261197902095,
  "mention_recall": 0.8870765370138017,
  "loss": 0.9632952629126222
}