{
  "coref_precision": 0.7035268014537795,
  "coref_recall": 0.5824948894761816,
  "coref_f1": 0.6373142689990665,
  "mention_recall": 0.8845671267252195,
  "loss": 1.267530449094867
}