{
  "coref_precision": 0.577860056750271,
  "coref_recall": 0.5015234532778391,
  "coref_f1": 0.5369901571792774,
  "mention_recall": 0.9115479115479116,
  "loss": 1.6087273098476433
}