{
  "coref_precision": 0.5968421487327138,
  "coref_recall": 0.5180244039893163,
  "coref_f1": 0.554632376668691,
  "mention_recall": 0.8943488943488943,
  "loss": 1.675569201305389
}