{
  "coref_precision": 0.6965994113781061,
  "coref_recall": 0.5777046979044589,
  "coref_f1": 0.6313938792682361,
  "mention_recall": 0.9049787492410444,
  "loss": 55.318522717083816
}