{
  "coref_precision": 0.7304088283446081,
  "coref_recall": 0.5985206968121344,
  "coref_f1": 0.6579199220220083,
  "mention_recall": 0.8897243107769424,
  "loss": 1.2283052738369973
}