{
  "coref_precision": 0.5402995972138448,
  "coref_recall": 0.4589650655440129,
  "coref_f1": 0.4963111659582786,
  "mention_recall": 0.898034398034398,
  "loss": 2.270283095746891
}