{
  "coref_precision": 0.7474514428595825,
  "coref_recall": 0.6183668981734983,
  "coref_f1": 0.6768025251198497,
  "mention_recall": 0.8870765370138017,
  "loss": 1.0962785774824286
}