{
  "coref_precision": 0.6894421481160927,
  "coref_recall": 0.5756483617638432,
  "coref_f1": 0.6272361119153866,
  "mention_recall": 0.9067496458206841,
  "loss": 52.78667387921342
}