{
  "coref_precision": 0.7946163632507998,
  "coref_recall": 0.6654591442596336,
  "coref_f1": 0.7243226414078819,
  "mention_recall": 0.8920953575909661,
  "loss": 0.7394898615080301
}