{
  "coref_precision": 0.4420082018783298,
  "coref_recall": 0.39479698997242857,
  "coref_f1": 0.4170669475973912,
  "mention_recall": 0.9287469287469288,
  "loss": 2.8358459286106394
}