{
  "coref_precision": 0.6667069424578682,
  "coref_recall": 0.5340256622531644,
  "coref_f1": 0.5930352724773544,
  "mention_recall": 0.8920953575909661,
  "loss": 1.4225036420753898
}