{
  "coref_precision": 0.6566562931528516,
  "coref_recall": 0.5127772223412443,
  "coref_f1": 0.5758650094744432,
  "mention_recall": 0.8909774436090225,
  "loss": 1.4814574095422128
}