{
  "coref_precision": 0.6943344873587934,
  "coref_recall": 0.5746698239138736,
  "coref_f1": 0.6286877594593868,
  "mention_recall": 0.9032584497065371,
  "loss": 51.837706231201686
}