{
  "coref_precision": 0.5677184940746485,
  "coref_recall": 0.5088535106078965,
  "coref_f1": 0.5366758467241598,
  "mention_recall": 0.9434889434889435,
  "loss": 1.997162489241446
}