{
  "coref_precision": 0.7921576783271074,
  "coref_recall": 0.5795846158170429,
  "coref_f1": 0.669399741209098,
  "mention_recall": 0.9058971141781681,
  "loss": 0.9819529041939464
}