{
  "coref_precision": 0.7253708934368898,
  "coref_recall": 0.5307396714309519,
  "coref_f1": 0.6129763999637888,
  "mention_recall": 0.9035087719298246,
  "loss": 1.3276019042630909
}