{
  "coref_precision": 0.6756254330080532,
  "coref_recall": 0.5978329631515905,
  "coref_f1": 0.6343524925066669,
  "mention_recall": 0.9375,
  "loss": 1.3787949871089729
}