{
  "coref_precision": 0.7163740404711006,
  "coref_recall": 0.6948861278518143,
  "coref_f1": 0.7054390275439587,
  "mention_recall": 0.9424019607843137,
  "loss": 1.2911127563015403
}