{
  "coref_precision": 0.692203082017803,
  "coref_recall": 0.5815524856790577,
  "coref_f1": 0.6318770963414692,
  "mention_recall": 0.8994130742764622,
  "loss": 51.06443199305795
}