{
  "coref_precision": 0.8596530291511774,
  "coref_recall": 0.7720278557563481,
  "coref_f1": 0.813487480875671,
  "mention_recall": 0.9297365119196989,
  "loss": 0.5871432996435756
}