{
  "coref_precision": 0.5608709509128673,
  "coref_recall": 0.5199624664536945,
  "coref_f1": 0.539641477716812,
  "mention_recall": 0.9312039312039312,
  "loss": 1.7737285440346675
}