{
  "coref_precision": 0.6930261589741628,
  "coref_recall": 0.6431819360740928,
  "coref_f1": 0.6671740492253412,
  "mention_recall": 0.928921568627451,
  "loss": 1.1670620931793316
}