{
  "coref_precision": 0.7788861995839945,
  "coref_recall": 0.6916100933775717,
  "coref_f1": 0.7326565559228625,
  "mention_recall": 0.9273182957393483,
  "loss": 0.8064063673841644
}