{
  "coref_precision": 0.678858983322737,
  "coref_recall": 0.6129878382329363,
  "coref_f1": 0.6442423910130423,
  "mention_recall": 0.9142156862745098,
  "loss": 1.499660911748251
}