{
  "coref_precision": 0.5312831201979346,
  "coref_recall": 0.472732427118392,
  "coref_f1": 0.5002994444479967,
  "mention_recall": 0.9103194103194103,
  "loss": 2.090822522932243
}