{
  "coref_precision": 0.6980157485940115,
  "coref_recall": 0.5676144612610691,
  "coref_f1": 0.6256963434070094,
  "mention_recall": 0.9053835256021049,
  "loss": 52.176188931308005
}