{
  "coref_precision": 0.6805967675576722,
  "coref_recall": 0.628260100726715,
  "coref_f1": 0.653380220422238,
  "mention_recall": 0.9285714285714286,
  "loss": 1.2047901223384374
}