{
  "coref_precision": 0.6596601711037458,
  "coref_recall": 0.6231816295541787,
  "coref_f1": 0.6409022326907642,
  "mention_recall": 0.9436274509803921,
  "loss": 1.2014504073723042
}