{
  "coref_precision": 0.7357041159493476,
  "coref_recall": 0.6777235180513372,
  "coref_f1": 0.7055240949559293,
  "mention_recall": 0.9284818067754078,
  "loss": 0.9969055084751879
}