{
  "coref_precision": 0.5720823082969627,
  "coref_recall": 0.5404300632370808,
  "coref_f1": 0.5558059074072622,
  "mention_recall": 0.9471744471744472,
  "loss": 1.643249082346779
}