{
  "coref_precision": 0.6902202066416244,
  "coref_recall": 0.5862049453584087,
  "coref_f1": 0.63387802075414,
  "mention_recall": 0.9026006881198138,
  "loss": 55.13407456437755
}