{
  "coref_precision": 0.5706353160613499,
  "coref_recall": 0.5324137933787055,
  "coref_f1": 0.5508535419782526,
  "mention_recall": 0.9262899262899262,
  "loss": 1.7664816521478268
}