{
  "coref_precision": 0.7352197596359021,
  "coref_recall": 0.6757440573123293,
  "coref_f1": 0.7042275385701658,
  "mention_recall": 0.917189460476788,
  "loss": 0.9433548250353668
}