{
  "coref_precision": 0.6641174281529362,
  "coref_recall": 0.6040603278348375,
  "coref_f1": 0.6326491986676217,
  "mention_recall": 0.9203431372549019,
  "loss": 1.3564846713986294
}