{
  "coref_precision": 0.6902159119692949,
  "coref_recall": 0.622285168547279,
  "coref_f1": 0.6544895040663613,
  "mention_recall": 0.9110275689223057,
  "loss": 1.2456010971420917
}