{
  "coref_precision": 0.6981250602518623,
  "coref_recall": 0.5738492266440954,
  "coref_f1": 0.6296015159463016,
  "mention_recall": 0.9056365108277676,
  "loss": 52.063276476245484
}