{
  "coref_precision": 0.6626379075140537,
  "coref_recall": 0.5608065364192815,
  "coref_f1": 0.6074718466054794,
  "mention_recall": 0.9142156862745098,
  "loss": 1.434792663182873
}