{
  "coref_precision": 0.5584721196840591,
  "coref_recall": 0.4750324886289798,
  "coref_f1": 0.51338031799547,
  "mention_recall": 0.9152334152334153,
  "loss": 2.0297268996509312
}