{
  "coref_precision": 0.6115628848038752,
  "coref_recall": 0.48062200012317846,
  "coref_f1": 0.5382432155602307,
  "mention_recall": 0.8959899749373433,
  "loss": 1.6651226373500458
}