{
  "coref_precision": 0.700269296942034,
  "coref_recall": 0.5583208652428638,
  "coref_f1": 0.6212901144135431,
  "mention_recall": 0.8946047678795483,
  "loss": 1.2799359412037963
}