{
  "coref_precision": 0.6824650748690982,
  "coref_recall": 0.5863461774149897,
  "coref_f1": 0.6306475015775557,
  "mention_recall": 0.9012851649463671,
  "loss": 53.59561895515673
}