{
  "coref_precision": 0.5608572310396805,
  "coref_recall": 0.5314787674436796,
  "coref_f1": 0.5457724717324305,
  "mention_recall": 0.9213759213759214,
  "loss": 2.282690268138696
}