{
  "coref_precision": 0.6681606258236318,
  "coref_recall": 0.6243319634251007,
  "coref_f1": 0.6455023926790029,
  "mention_recall": 0.9203431372549019,
  "loss": 1.641092380122608
}