{
  "coref_precision": 0.6973165267075915,
  "coref_recall": 0.5756790022697328,
  "coref_f1": 0.6306854058011564,
  "mention_recall": 0.9147869674185464,
  "loss": 1.3529216187170015
}