{
  "coref_precision": 0.793340729524031,
  "coref_recall": 0.6735084256310206,
  "coref_f1": 0.7285253792737918,
  "mention_recall": 0.918444165621079,
  "loss": 0.9884609821955188
}