{
  "coref_precision": 0.689636868083087,
  "coref_recall": 0.5830870774335807,
  "coref_f1": 0.6317974017713232,
  "mention_recall": 0.9013357619914997,
  "loss": 54.045775211578096
}