{
  "coref_precision": 0.7632377500901285,
  "coref_recall": 0.6657255937363907,
  "coref_f1": 0.7111527264310328,
  "mention_recall": 0.9109159347553325,
  "loss": 1.1712444585282278
}