{
  "coref_precision": 0.6570375392548178,
  "coref_recall": 0.6067887676956304,
  "coref_f1": 0.6309102824414067,
  "mention_recall": 0.9240196078431373,
  "loss": 1.6105773265816667
}