{
  "coref_precision": 0.5396774209132896,
  "coref_recall": 0.49914320221337755,
  "coref_f1": 0.5186187118219647,
  "mention_recall": 0.9226044226044227,
  "loss": 2.132379306864156
}