{
  "coref_precision": 0.6895990365203698,
  "coref_recall": 0.6128196074386177,
  "coref_f1": 0.6489455015607142,
  "mention_recall": 0.918546365914787,
  "loss": 1.564234534410937
}