{
  "coref_precision": 0.687348251904488,
  "coref_recall": 0.575828013173631,
  "coref_f1": 0.6265471733663185,
  "mention_recall": 0.905130540376442,
  "loss": 56.34585794457536
}