{
  "coref_precision": 0.7269472116753707,
  "coref_recall": 0.658275598161694,
  "coref_f1": 0.6909071896965102,
  "mention_recall": 0.8984962406015038,
  "loss": 1.1815084443834611
}