{
  "coref_precision": 0.6933188905548752,
  "coref_recall": 0.5756809584917982,
  "coref_f1": 0.6288510429547152,
  "mention_recall": 0.9045739728799838,
  "loss": 52.93425266781886
}