{
  "coref_precision": 0.6784531158998252,
  "coref_recall": 0.6010703929530847,
  "coref_f1": 0.6374211591348758,
  "mention_recall": 0.9122807017543859,
  "loss": 1.2100406505776056
}