{
  "coref_precision": 0.5664018796892812,
  "coref_recall": 0.5172673470919085,
  "coref_f1": 0.5407193580228112,
  "mention_recall": 0.9385749385749386,
  "loss": 1.7795777577672804
}