{
  "coref_precision": 0.6815445722597637,
  "coref_recall": 0.6212265630157786,
  "coref_f1": 0.6499858574455931,
  "mention_recall": 0.9387254901960784,
  "loss": 1.33245394022329
}