{
  "coref_precision": 0.7698630052730393,
  "coref_recall": 0.675161563686018,
  "coref_f1": 0.7194074005236487,
  "mention_recall": 0.9084065244667503,
  "loss": 0.9502524014176572
}