{
  "coref_precision": 0.6944872742512592,
  "coref_recall": 0.5735087137468882,
  "coref_f1": 0.6280467028842126,
  "mention_recall": 0.9026512851649464,
  "loss": 53.371976710391635
}