{
  "coref_precision": 0.7019299848481942,
  "coref_recall": 0.5758796274486454,
  "coref_f1": 0.6323310581219307,
  "mention_recall": 0.903966808338393,
  "loss": 51.93480382394598
}