{
  "coref_precision": 0.6169676327571064,
  "coref_recall": 0.4848065878047548,
  "coref_f1": 0.5429598574904607,
  "mention_recall": 0.8822055137844611,
  "loss": 1.4152096010656967
}