{
  "coref_precision": 0.7527466959987207,
  "coref_recall": 0.6778853461697011,
  "coref_f1": 0.7133568541772405,
  "mention_recall": 0.9058971141781681,
  "loss": 1.070489139644298
}