{
  "coref_precision": 0.5692142257860756,
  "coref_recall": 0.5152942815223517,
  "coref_f1": 0.5409048348582502,
  "mention_recall": 0.9103194103194103,
  "loss": 1.7084210521343355
}