{
  "coref_precision": 0.6620192672824251,
  "coref_recall": 0.5206207282784973,
  "coref_f1": 0.5828667501999781,
  "mention_recall": 0.8845671267252195,
  "loss": 1.1855151642671893
}