{
  "coref_precision": 0.7475383253941105,
  "coref_recall": 0.6465061814040606,
  "coref_f1": 0.6933590882707535,
  "mention_recall": 0.9022556390977443,
  "loss": 1.0517383920341374
}