{
  "coref_precision": 0.6429813281647816,
  "coref_recall": 0.5827095653076045,
  "coref_f1": 0.611357130821314,
  "mention_recall": 0.9105392156862745,
  "loss": 1.419120278665664
}