{
  "coref_precision": 0.6881735310500295,
  "coref_recall": 0.5765033707507353,
  "coref_f1": 0.6272726148361157,
  "mention_recall": 0.90548471969237,
  "loss": 53.44775130971463
}