{
  "coref_precision": 0.6159736590457919,
  "coref_recall": 0.5075999209542023,
  "coref_f1": 0.5565577946674648,
  "mention_recall": 0.8734335839598998,
  "loss": 1.6537159844764777
}