{
  "coref_precision": 0.7463949797172705,
  "coref_recall": 0.6075845539019474,
  "coref_f1": 0.669874088155725,
  "mention_recall": 0.877038895859473,
  "loss": 1.1141078230604962
}