{
  "coref_precision": 0.6798302984581749,
  "coref_recall": 0.5735010586726274,
  "coref_f1": 0.6221479018192707,
  "mention_recall": 0.8921568627450981,
  "loss": 1.4018282509647642
}