{
  "coref_precision": 0.5020935421708642,
  "coref_recall": 0.47037584406005467,
  "coref_f1": 0.4855962761917012,
  "mention_recall": 0.9164619164619164,
  "loss": 2.4783217282692545
}