{
  "coref_precision": 0.7296918042961437,
  "coref_recall": 0.6766647568118159,
  "coref_f1": 0.7020798121452955,
  "mention_recall": 0.9129901960784313,
  "loss": 1.2667168642562276
}