{
  "coref_precision": 0.8019076327021533,
  "coref_recall": 0.7213436863126942,
  "coref_f1": 0.7594618474283132,
  "mention_recall": 0.9196988707653702,
  "loss": 0.9602399411908691
}