{
  "coref_precision": 0.6972102939969623,
  "coref_recall": 0.617105508759083,
  "coref_f1": 0.6546702136411492,
  "mention_recall": 0.931077694235589,
  "loss": 1.3018830637139043
}