{
  "coref_precision": 0.6943041474936869,
  "coref_recall": 0.584819448413619,
  "coref_f1": 0.6347385692731505,
  "mention_recall": 0.901183970856102,
  "loss": 53.32711541681114
}