{
  "coref_precision": 0.6849495905880034,
  "coref_recall": 0.5828017893491734,
  "coref_f1": 0.6296591082130124,
  "mention_recall": 0.9005768063145112,
  "loss": 52.677441559640634
}