{
  "coref_precision": 0.6656944672825218,
  "coref_recall": 0.6086562768547582,
  "coref_f1": 0.6358976751876944,
  "mention_recall": 0.9122807017543859,
  "loss": 1.45473356059553
}