{
  "coref_precision": 0.6649364088127565,
  "coref_recall": 0.6159655613086985,
  "coref_f1": 0.6395135780491544,
  "mention_recall": 0.9313725490196079,
  "loss": 1.618990954673158
}