{
  "coref_precision": 0.7081005338219715,
  "coref_recall": 0.6298900676486432,
  "coref_f1": 0.666709360196724,
  "mention_recall": 0.9122807017543859,
  "loss": 1.4935076765579665
}