{
  "coref_precision": 0.6423705151321013,
  "coref_recall": 0.5964146011940129,
  "coref_f1": 0.6185388212475161,
  "mention_recall": 0.9424019607843137,
  "loss": 1.7169232383995507
}