{
  "coref_precision": 0.5950696315343192,
  "coref_recall": 0.5517618894811877,
  "coref_f1": 0.572597559521211,
  "mention_recall": 0.9324324324324325,
  "loss": 1.9795370350970205
}