{
  "coref_precision": 0.7287100871021132,
  "coref_recall": 0.6502297537821963,
  "coref_f1": 0.6872350256589382,
  "mention_recall": 0.9159347553324969,
  "loss": 1.3559187120600056
}