{
  "coref_precision": 0.5994406046558312,
  "coref_recall": 0.5563977055205125,
  "coref_f1": 0.5771162155270263,
  "mention_recall": 0.9434889434889435,
  "loss": 2.1276021003042676
}