{
  "coref_precision": 0.7048180102253135,
  "coref_recall": 0.6364244825800838,
  "coref_f1": 0.6688748881211257,
  "mention_recall": 0.9109159347553325,
  "loss": 1.3877567876099426
}