{
  "coref_precision": 0.6901825812845477,
  "coref_recall": 0.5872383382685901,
  "coref_f1": 0.6344525045632382,
  "mention_recall": 0.9051811374215746,
  "loss": 54.65499940449098
}