{
  "coref_precision": 0.7658561907201262,
  "coref_recall": 0.6704214347848362,
  "coref_f1": 0.714965837372091,
  "mention_recall": 0.9058971141781681,
  "loss": 0.8568946085383304
}