{
  "coref_precision": 0.6707535774641039,
  "coref_recall": 0.6242038734685793,
  "coref_f1": 0.6466404310353199,
  "mention_recall": 0.9325980392156863,
  "loss": 1.3534170781146984
}