{
  "coref_precision": 0.5541994891588388,
  "coref_recall": 0.5130776310600872,
  "coref_f1": 0.5328423245368904,
  "mention_recall": 0.9250614250614251,
  "loss": 1.9616449333266108
}