{
  "coref_precision": 0.7136545670296061,
  "coref_recall": 0.6212111954845655,
  "coref_f1": 0.6642317734107527,
  "mention_recall": 0.899749373433584,
  "loss": 1.0647061658727799
}