Config: 6b and False and 1000000
Result: (0.19227487741482197, 0.2548069208499364, 0.3163947163947164)
0.0412324728568395