Config: 7 and False and 1000000
Result: (0.4894552814599152, 1.6500179815348077, 7.77000777000777e-05)
0.0406262136830224