Config: 8 and False and 1000000
Result: (0.2652462097410456, 1.2277772322708338, 0.004273504273504274)
0.04053562170929379