{
  "coref_precision": 0.6844668300126139,
  "coref_recall": 0.5800531589190717,
  "coref_f1": 0.6278537044477249,
  "mention_recall": 0.8994636713215948,
  "loss": 54.984404636025104
}