{
  "coref_precision": 0.7444634542317662,
  "coref_recall": 0.6283705574009456,
  "coref_f1": 0.6815081654735281,
  "mention_recall": 0.9008782936010038,
  "loss": 1.2193605260146247
}