{
  "coref_precision": 0.7216107275519136,
  "coref_recall": 0.58677242064909,
  "coref_f1": 0.6472423998730369,
  "mention_recall": 0.899749373433584,
  "loss": 1.500032546713178
}