{
  "coref_precision": 0.6423663206465434,
  "coref_recall": 0.5872701100642277,
  "coref_f1": 0.6135809081303653,
  "mention_recall": 0.9240196078431373,
  "loss": 1.9514511308171443
}