{
  "coref_precision": 0.6087244463325526,
  "coref_recall": 0.5553547965828667,
  "coref_f1": 0.5808140147590914,
  "mention_recall": 0.9127764127764127,
  "loss": 2.203544658459762
}