{
  "coref_precision": 0.6907559176392152,
  "coref_recall": 0.5796268906784748,
  "coref_f1": 0.6301314711186983,
  "mention_recall": 0.9036126290224651,
  "loss": 54.015620089109305
}