{
  "coref_precision": 0.7255285468304143,
  "coref_recall": 0.62787069572224,
  "coref_f1": 0.6731761527623491,
  "mention_recall": 0.8983688833124216,
  "loss": 1.073899152353717
}