{
  "coref_precision": 0.5489853971562804,
  "coref_recall": 0.4899066929768683,
  "coref_f1": 0.5177658241529587,
  "mention_recall": 0.9078624078624079,
  "loss": 1.8277116244661753
}