{
  "coref_precision": 0.6847482470856455,
  "coref_recall": 0.6187622018504371,
  "coref_f1": 0.6500814174527617,
  "mention_recall": 0.9178921568627451,
  "loss": 1.2248714683338848
}