{
  "coref_precision": 0.7036587720881223,
  "coref_recall": 0.604100113467749,
  "coref_f1": 0.6500897728153393,
  "mention_recall": 0.9010025062656641,
  "loss": 1.2221685167880585
}