{
  "coref_precision": 0.6857257197307636,
  "coref_recall": 0.5823776466946564,
  "coref_f1": 0.6297214655674613,
  "mention_recall": 0.8976927747419551,
  "loss": 52.568682356937266
}