{
  "coref_precision": 0.6989997223262877,
  "coref_recall": 0.5682286020594478,
  "coref_f1": 0.6268656366413573,
  "mention_recall": 0.8847117794486216,
  "loss": 1.3255432604237194
}