{
  "coref_precision": 0.6728991950861394,
  "coref_recall": 0.6275739420347263,
  "coref_f1": 0.6494414382305037,
  "mention_recall": 0.9350490196078431,
  "loss": 1.4528669347239354
}