{
  "coref_precision": 0.7261257253409719,
  "coref_recall": 0.6095323177888096,
  "coref_f1": 0.6627397781372975,
  "mention_recall": 0.8958594730238394,
  "loss": 1.1705711869598874
}