{
  "coref_precision": 0.5747703571007049,
  "coref_recall": 0.5278577221559677,
  "coref_f1": 0.5503121489317896,
  "mention_recall": 0.9275184275184275,
  "loss": 2.0659308256582736
}