{
  "coref_precision": 0.6951278730788261,
  "coref_recall": 0.5712782474952226,
  "coref_f1": 0.6270069288898865,
  "mention_recall": 0.9020947176684881,
  "loss": 54.01694491659237
}