{
  "coref_precision": 0.7353714357869482,
  "coref_recall": 0.667132812721048,
  "coref_f1": 0.6995896218170548,
  "mention_recall": 0.9252450980392157,
  "loss": 1.197043731360006
}