{
  "coref_precision": 0.5373165415828841,
  "coref_recall": 0.49111447971097083,
  "coref_f1": 0.5131768818681913,
  "mention_recall": 0.9275184275184275,
  "loss": 2.1878374636182363
}