{
  "coref_precision": 0.6834876889488576,
  "coref_recall": 0.5789180157533714,
  "coref_f1": 0.6267520150532984,
  "mention_recall": 0.9037644201578627,
  "loss": 52.92328601222233
}