{
  "coref_precision": 0.6632966192230497,
  "coref_recall": 0.6097754468335772,
  "coref_f1": 0.635410892327784,
  "mention_recall": 0.9210526315789473,
  "loss": 1.6494189925354312
}