{
  "coref_precision": 0.7233541788947709,
  "coref_recall": 0.6922573659093268,
  "coref_f1": 0.7074642162604597,
  "mention_recall": 0.9436274509803921,
  "loss": 1.19834889025249
}