{
  "coref_precision": 0.7816362832574132,
  "coref_recall": 0.7129575866108905,
  "coref_f1": 0.7457189483967186,
  "mention_recall": 0.9196988707653702,
  "loss": 1.1212412467272606
}