{
  "coref_precision": 0.524373163072617,
  "coref_recall": 0.4997371773687562,
  "coref_f1": 0.5117571242991388,
  "mention_recall": 0.9459459459459459,
  "loss": 2.3094401374448577
}