{
  "coref_precision": 0.7444447905917172,
  "coref_recall": 0.6468443734206555,
  "coref_f1": 0.6922204629670189,
  "mention_recall": 0.8958594730238394,
  "loss": 1.1623607985314401
}