{
  "coref_precision": 0.6953403748959529,
  "coref_recall": 0.5749432186811028,
  "coref_f1": 0.6292446421996583,
  "mention_recall": 0.9019429265330905,
  "loss": 56.14901882852963
}