{
  "coref_precision": 0.5211773707163512,
  "coref_recall": 0.45459856737678156,
  "coref_f1": 0.48561644656468905,
  "mention_recall": 0.9010025062656641,
  "loss": 2.296012369170662
}