{
  "coref_precision": 0.7746989436662384,
  "coref_recall": 0.6865155995057957,
  "coref_f1": 0.727942736759823,
  "mention_recall": 0.9117647058823529,
  "loss": 0.9512956914499952
}