{
  "coref_precision": 0.8320337008943204,
  "coref_recall": 0.7077849633317145,
  "coref_f1": 0.7648956385242739,
  "mention_recall": 0.8920953575909661,
  "loss": 0.7627199551373097
}