{
  "coref_precision": 0.46504904316234175,
  "coref_recall": 0.41039608188730997,
  "coref_f1": 0.43601168274547025,
  "mention_recall": 0.9127764127764127,
  "loss": 2.9878056005873366
}