{
  "coref_precision": 0.6905946769331267,
  "coref_recall": 0.5725261404448071,
  "coref_f1": 0.6258936401654968,
  "mention_recall": 0.9026512851649464,
  "loss": 57.103882497615764
}