{
  "coref_precision": 0.5624034367029828,
  "coref_recall": 0.5049764676957659,
  "coref_f1": 0.5321448500947485,
  "mention_recall": 0.9115479115479116,
  "loss": 2.24582572534805
}