{
  "coref_precision": 0.6758403968643044,
  "coref_recall": 0.5926119269256523,
  "coref_f1": 0.6314892922022398,
  "mention_recall": 0.9080882352941176,
  "loss": 1.3315500036163712
}