{
  "coref_precision": 0.7538180783850983,
  "coref_recall": 0.6323728866074383,
  "coref_f1": 0.6877710624399122,
  "mention_recall": 0.8946047678795483,
  "loss": 1.069954378672931
}