{
  "coref_precision": 0.6983569893483241,
  "coref_recall": 0.6020531409180271,
  "coref_f1": 0.646638764021265,
  "mention_recall": 0.8922305764411027,
  "loss": 1.228359973652483
}