{
  "coref_precision": 0.6561154878837815,
  "coref_recall": 0.5747879517125393,
  "coref_f1": 0.6127435926784061,
  "mention_recall": 0.8796992481203008,
  "loss": 1.3990629156607088
}