{
  "coref_precision": 0.5398620941010378,
  "coref_recall": 0.4849588823273034,
  "coref_f1": 0.5109151006669931,
  "mention_recall": 0.9103194103194103,
  "loss": 2.063497662589413
}