{
  "coref_precision": 0.6846916844140903,
  "coref_recall": 0.5984605625862428,
  "coref_f1": 0.6386455593157172,
  "mention_recall": 0.8720200752823086,
  "loss": 1.3657001370763835
}