{
  "coref_precision": 0.6916987454778493,
  "coref_recall": 0.5745858763069763,
  "coref_f1": 0.6275255179071538,
  "mention_recall": 0.9061930783242259,
  "loss": 52.04681701672092
}