{
  "coref_precision": 0.7763716734710565,
  "coref_recall": 0.6660364490596001,
  "coref_f1": 0.7169839949887918,
  "mention_recall": 0.904642409033877,
  "loss": 0.8826609100983522
}