{
  "coref_precision": 0.5323384191197766,
  "coref_recall": 0.4635879581611449,
  "coref_f1": 0.4955901929475359,
  "mention_recall": 0.9047619047619048,
  "loss": 2.0643858871534797
}