{
  "coref_precision": 0.6895641758232008,
  "coref_recall": 0.5755091496591436,
  "coref_f1": 0.6272630237996354,
  "mention_recall": 0.9038150172029954,
  "loss": 56.27750500416427
}