{
  "coref_precision": 0.6921398926497723,
  "coref_recall": 0.5677599256422415,
  "coref_f1": 0.623609880171376,
  "mention_recall": 0.9030054644808743,
  "loss": 53.62600083597508
}