{
  "coref_precision": 0.6239636445529211,
  "coref_recall": 0.5453459519445379,
  "coref_f1": 0.5820116957495887,
  "mention_recall": 0.899749373433584,
  "loss": 1.5224094268197736
}