{
  "coref_precision": 0.8478159106124763,
  "coref_recall": 0.7116176091462155,
  "coref_f1": 0.7737689104424539,
  "mention_recall": 0.8858218318695107,
  "loss": 0.7637715552252596
}