{
  "coref_precision": 0.5271882514827774,
  "coref_recall": 0.48332714692363804,
  "coref_f1": 0.504287559688967,
  "mention_recall": 0.918918918918919,
  "loss": 2.0622527731232143
}