{
  "coref_precision": 0.5250049338994266,
  "coref_recall": 0.4476820978522995,
  "coref_f1": 0.483268752606212,
  "mention_recall": 0.8922305764411027,
  "loss": 2.4327435556035892
}