{
  "coref_precision": 0.7612005882240531,
  "coref_recall": 0.6563720386224196,
  "coref_f1": 0.7049083256487273,
  "mention_recall": 0.8971141781681304,
  "loss": 1.0401144245839988
}