{
  "coref_precision": 0.38595468958934087,
  "coref_recall": 0.3211884532059971,
  "coref_f1": 0.35059605916416686,
  "mention_recall": 0.898034398034398,
  "loss": 3.570227028554085
}