{
  "coref_precision": 0.6807689761629828,
  "coref_recall": 0.6200076158409491,
  "coref_f1": 0.6489588495590622,
  "mention_recall": 0.9203431372549019,
  "loss": 1.1749876144167317
}