{
  "coref_precision": 0.8568006964690639,
  "coref_recall": 0.7190095987890106,
  "coref_f1": 0.7818678886897367,
  "mention_recall": 0.9117647058823529,
  "loss": 0.6484897857590853
}