{
  "coref_precision": 0.664608666293104,
  "coref_recall": 0.5129766788447071,
  "coref_f1": 0.5790281965860652,
  "mention_recall": 0.87468671679198,
  "loss": 1.322973747273692
}