{
  "coref_precision": 0.7337575115738505,
  "coref_recall": 0.6248328287543973,
  "coref_f1": 0.6749256837750518,
  "mention_recall": 0.8958333333333334,
  "loss": 1.0497327208362393
}