{
  "coref_precision": 0.6821483529182535,
  "coref_recall": 0.584494379566117,
  "coref_f1": 0.6294213876296467,
  "mention_recall": 0.9064966605950212,
  "loss": 53.87941825957755
}