{
  "coref_precision": 0.6969793582040155,
  "coref_recall": 0.5754322400416373,
  "coref_f1": 0.6301344806894051,
  "mention_recall": 0.904320987654321,
  "loss": 53.30467192637573
}