{
  "coref_precision": 0.6624634790671635,
  "coref_recall": 0.6012773717801211,
  "coref_f1": 0.6303888084725012,
  "mention_recall": 0.9085213032581454,
  "loss": 1.4365580982847346
}