{
  "coref_precision": 0.7316183943563527,
  "coref_recall": 0.6141012489009348,
  "coref_f1": 0.6677268413485745,
  "mention_recall": 0.9022556390977443,
  "loss": 1.216886699726127
}