{
  "coref_precision": 0.5097706016524182,
  "coref_recall": 0.462013768154119,
  "coref_f1": 0.48471851141534783,
  "mention_recall": 0.9201474201474201,
  "loss": 2.2676929159527304
}