{
  "coref_precision": 0.46104941024509566,
  "coref_recall": 0.42111613208104437,
  "coref_f1": 0.44017824322119375,
  "mention_recall": 0.9201474201474201,
  "loss": 2.4408118941146655
}