{
  "coref_precision": 0.7679509436311,
  "coref_recall": 0.6947939360929557,
  "coref_f1": 0.7295429402828729,
  "mention_recall": 0.9252450980392157,
  "loss": 0.9130319768916304
}