{
  "coref_precision": 0.7199589406017498,
  "coref_recall": 0.6520176083901573,
  "coref_f1": 0.6843059013720261,
  "mention_recall": 0.9203431372549019,
  "loss": 1.0921238448207449
}