{
  "coref_precision": 0.8275810871102326,
  "coref_recall": 0.7465989425403156,
  "coref_f1": 0.7850054043609797,
  "mention_recall": 0.9071518193224593,
  "loss": 0.7664207223543218
}