{
  "coref_precision": 0.8332123481905146,
  "coref_recall": 0.7010851497544114,
  "coref_f1": 0.7614549286621317,
  "mention_recall": 0.904642409033877,
  "loss": 0.7648641909970064
}