{
  "coref_precision": 0.6993187425777206,
  "coref_recall": 0.5673824282140577,
  "coref_f1": 0.6262679154616787,
  "mention_recall": 0.9063448694596236,
  "loss": 51.49367987075366
}