{
  "coref_precision": 0.5176328268013394,
  "coref_recall": 0.4702020601143408,
  "coref_f1": 0.4927774044242815,
  "mention_recall": 0.9299754299754299,
  "loss": 1.7695365121614826
}