{
  "coref_precision": 0.7376167617698979,
  "coref_recall": 0.663695459060738,
  "coref_f1": 0.698706293981849,
  "mention_recall": 0.9273182957393483,
  "loss": 1.0103672483072466
}