{
  "coref_precision": 0.7106737649508927,
  "coref_recall": 0.6383693376340436,
  "coref_f1": 0.6725691245975233,
  "mention_recall": 0.9362745098039216,
  "loss": 1.0248587603784123
}