{
  "coref_precision": 0.7820791009344381,
  "coref_recall": 0.6992791360908864,
  "coref_f1": 0.7383614009657249,
  "mention_recall": 0.9196988707653702,
  "loss": 0.8051295145466216
}