{
  "coref_precision": 0.6896031572192441,
  "coref_recall": 0.5859104614186738,
  "coref_f1": 0.6334183557027603,
  "mention_recall": 0.9051811374215746,
  "loss": 51.72168900263857
}