{
  "coref_precision": 0.6874198550581548,
  "coref_recall": 0.6290722349545879,
  "coref_f1": 0.6569515267056839,
  "mention_recall": 0.9252450980392157,
  "loss": 1.064779283558958
}