{
  "coref_precision": 0.6839976642191417,
  "coref_recall": 0.5824253226775632,
  "coref_f1": 0.6290254409492338,
  "mention_recall": 0.9047763610605141,
  "loss": 51.90465004692368
}