{
  "coref_precision": 0.5907780109134788,
  "coref_recall": 0.5706385013402556,
  "coref_f1": 0.580512749078166,
  "mention_recall": 0.9348894348894349,
  "loss": 1.9861517254437124
}