{
  "coref_precision": 0.7276538673030509,
  "coref_recall": 0.655561437389141,
  "coref_f1": 0.6897283734151616,
  "mention_recall": 0.8947368421052632,
  "loss": 1.1822210903175236
}