{
  "coref_precision": 0.6595099455627861,
  "coref_recall": 0.6283628181912496,
  "coref_f1": 0.6435395364799837,
  "mention_recall": 0.9313725490196079,
  "loss": 1.5224549735826305
}