{
  "coref_precision": 0.7593952085960921,
  "coref_recall": 0.6757178771931726,
  "coref_f1": 0.7151153762974433,
  "mention_recall": 0.8983688833124216,
  "loss": 0.9722990246685534
}