{
  "coref_precision": 0.686738677851987,
  "coref_recall": 0.5827522641288199,
  "coref_f1": 0.6303658956795166,
  "mention_recall": 0.900728597449909,
  "loss": 51.91804307558167
}