{
  "coref_precision": 0.7434231922886237,
  "coref_recall": 0.7051554145426886,
  "coref_f1": 0.7237786291829499,
  "mention_recall": 0.918546365914787,
  "loss": 0.9961268688120614
}