{
  "coref_precision": 0.5508772386496171,
  "coref_recall": 0.5308185834501623,
  "coref_f1": 0.5406323976842825,
  "mention_recall": 0.9361179361179361,
  "loss": 1.9125425511144427
}