{
  "coref_precision": 0.7705794397975835,
  "coref_recall": 0.7350035759997368,
  "coref_f1": 0.7523707939165964,
  "mention_recall": 0.9209535759096612,
  "loss": 0.9520287991360621
}