{
  "coref_precision": 0.7055776924119606,
  "coref_recall": 0.5681768407272538,
  "coref_f1": 0.6291808397142659,
  "mention_recall": 0.9063954665047561,
  "loss": 52.30341121743583
}