{
  "coref_precision": 0.5643637309583837,
  "coref_recall": 0.5143806885034955,
  "coref_f1": 0.5382106606135864,
  "mention_recall": 0.918918918918919,
  "loss": 1.8840078490108378
}