{
  "coref_precision": 0.6769747789808344,
  "coref_recall": 0.5621322925132822,
  "coref_f1": 0.6142309648268621,
  "mention_recall": 0.8872180451127819,
  "loss": 1.38773143680403
}