{
  "coref_precision": 0.6640157237585572,
  "coref_recall": 0.6017755755500854,
  "coref_f1": 0.6313648197628398,
  "mention_recall": 0.9191176470588235,
  "loss": 1.3681534507398585
}