{
  "coref_precision": 0.7171477484567657,
  "coref_recall": 0.578960935009177,
  "coref_f1": 0.6406850883984004,
  "mention_recall": 0.8845671267252195,
  "loss": 1.223851450860445
}