{
  "coref_precision": 0.6924506092091498,
  "coref_recall": 0.5822837996967198,
  "coref_f1": 0.6324460889378536,
  "mention_recall": 0.9010321797207043,
  "loss": 54.07152819597614
}