{
  "coref_precision": 0.750309504021556,
  "coref_recall": 0.633839323574052,
  "coref_f1": 0.6871722386546493,
  "mention_recall": 0.9008782936010038,
  "loss": 1.2881970529616675
}