{
  "coref_precision": 0.5607206042972042,
  "coref_recall": 0.5128244672104322,
  "coref_f1": 0.5357016902286731,
  "mention_recall": 0.9226044226044227,
  "loss": 2.3342358983470017
}