{
  "coref_precision": 0.7251299922958984,
  "coref_recall": 0.6012775890427108,
  "coref_f1": 0.657421105829071,
  "mention_recall": 0.9035087719298246,
  "loss": 1.5210720358891852
}