{
  "coref_precision": 0.6648236187804809,
  "coref_recall": 0.5999968169085816,
  "coref_f1": 0.6307388263784987,
  "mention_recall": 0.9313725490196079,
  "loss": 1.7349413139562095
}