{
  "coref_precision": 0.6865747217042962,
  "coref_recall": 0.5865330634822917,
  "coref_f1": 0.6324882298985058,
  "mention_recall": 0.9033596437968022,
  "loss": 53.487979283390416
}