{
  "coref_precision": 0.5720353449417072,
  "coref_recall": 0.5367042481077569,
  "coref_f1": 0.5538067079693689,
  "mention_recall": 0.9299754299754299,
  "loss": 2.042956781379556
}