{
  "coref_precision": 0.6690747689104114,
  "coref_recall": 0.619996651859397,
  "coref_f1": 0.6435945089727494,
  "mention_recall": 0.9301470588235294,
  "loss": 1.4813361160234553
}