{
  "coref_precision": 0.7631032494427217,
  "coref_recall": 0.6562696976876081,
  "coref_f1": 0.7056640682606385,
  "mention_recall": 0.9147869674185464,
  "loss": 1.0541437632076875
}