{
  "coref_precision": 0.82972811696514,
  "coref_recall": 0.7188842318770791,
  "coref_f1": 0.770338545091717,
  "mention_recall": 0.918444165621079,
  "loss": 0.8422719839846171
}