{
  "coref_precision": 0.6889075917391968,
  "coref_recall": 0.5731143003383011,
  "coref_f1": 0.6255134053236162,
  "mention_recall": 0.9031066585711395,
  "loss": 54.55380647103356
}