{
  "coref_precision": 0.6346443247467223,
  "coref_recall": 0.5359989532351407,
  "coref_f1": 0.5811651448522167,
  "mention_recall": 0.893483709273183,
  "loss": 1.471626824665727
}