{
  "coref_precision": 0.6470649805670442,
  "coref_recall": 0.5776484499523714,
  "coref_f1": 0.6103846474780603,
  "mention_recall": 0.9227941176470589,
  "loss": 1.677237071736543
}