{
  "coref_precision": 0.5764346848134805,
  "coref_recall": 0.5217784770416349,
  "coref_f1": 0.5477447155796852,
  "mention_recall": 0.9201474201474201,
  "loss": 2.028110493132781
}