{
  "coref_precision": 0.6158090251556142,
  "coref_recall": 0.5105024123446543,
  "coref_f1": 0.5582323534799029,
  "mention_recall": 0.8895859473023839,
  "loss": 1.5419926221777922
}