{
  "coref_precision": 0.714526781010659,
  "coref_recall": 0.6586574781427722,
  "coref_f1": 0.6854547309946565,
  "mention_recall": 0.9227941176470589,
  "loss": 1.1276779633689515
}