{
  "coref_precision": 0.5778365838712664,
  "coref_recall": 0.5056582640832444,
  "coref_f1": 0.5393414407754578,
  "mention_recall": 0.8922305764411027,
  "loss": 1.6404576443109897
}