{
  "coref_precision": 0.5195005963884305,
  "coref_recall": 0.4843779585007655,
  "coref_f1": 0.5013236352108535,
  "mention_recall": 0.9213759213759214,
  "loss": 2.2243633841045187
}