{
  "coref_precision": 0.6925486112428154,
  "coref_recall": 0.5709159669436565,
  "coref_f1": 0.6256634502233219,
  "mention_recall": 0.9050293462861769,
  "loss": 54.19855847176005
}