{
  "coref_precision": 0.6877847371388448,
  "coref_recall": 0.6134883498854087,
  "coref_f1": 0.6485154909267847,
  "mention_recall": 0.928921568627451,
  "loss": 1.461802676391926
}