{
  "coref_precision": 0.6063301028665871,
  "coref_recall": 0.4937660435827495,
  "coref_f1": 0.5442889490721106,
  "mention_recall": 0.8947368421052632,
  "loss": 1.6677854502186578
}