{
  "coref_precision": 0.5371776309371613,
  "coref_recall": 0.4867150643466432,
  "coref_f1": 0.5107004501277592,
  "mention_recall": 0.9324324324324325,
  "loss": 2.3860644365607673
}