{
  "coref_precision": 0.6845733992299761,
  "coref_recall": 0.5608065917168474,
  "coref_f1": 0.6165397837610875,
  "mention_recall": 0.8971141781681304,
  "loss": 1.339088382957923
}