{
  "coref_precision": 0.6884396822683714,
  "coref_recall": 0.5774557942973344,
  "coref_f1": 0.6279888622355739,
  "mention_recall": 0.9030054644808743,
  "loss": 53.08500867367497
}