{
  "coref_precision": 0.614386621121968,
  "coref_recall": 0.5516587557894183,
  "coref_f1": 0.5813303212012171,
  "mention_recall": 0.9047619047619048,
  "loss": 1.663207398011773
}