{
  "coref_precision": 0.7155021967612871,
  "coref_recall": 0.6619348244348244,
  "coref_f1": 0.6876346152924816,
  "mention_recall": 0.9325980392156863,
  "loss": 1.1420703911033232
}