{
  "coref_precision": 0.7009191023997824,
  "coref_recall": 0.5749430786704733,
  "coref_f1": 0.631467989229385,
  "mention_recall": 0.9044221817445861,
  "loss": 52.93156423523083
}