{
  "coref_precision": 0.5683424931872634,
  "coref_recall": 0.5233834312781681,
  "coref_f1": 0.5449369414251338,
  "mention_recall": 0.9238329238329238,
  "loss": 1.967143922053765
}