{
  "coref_precision": 0.722127194673816,
  "coref_recall": 0.6559084750168803,
  "coref_f1": 0.6874210208679662,
  "mention_recall": 0.9135338345864662,
  "loss": 1.1859078478246077
}