{
  "coref_precision": 0.7854355441116643,
  "coref_recall": 0.720813552924696,
  "coref_f1": 0.7517332897422748,
  "mention_recall": 0.9159347553324969,
  "loss": 0.9162901724917893
}