{
  "coref_precision": 0.6650326656875304,
  "coref_recall": 0.6112084901300588,
  "coref_f1": 0.6369823633035455,
  "mention_recall": 0.9276960784313726,
  "loss": 1.324582330789758
}