{
  "coref_precision": 0.6812233865067764,
  "coref_recall": 0.5801996725812787,
  "coref_f1": 0.6264653707599894,
  "mention_recall": 0.9036632260675976,
  "loss": 51.99504641086484
}