{
  "coref_precision": 0.7581675791970799,
  "coref_recall": 0.6152708368237613,
  "coref_f1": 0.6792851150820706,
  "mention_recall": 0.9021329987452948,
  "loss": 0.9292619284594935
}