{
  "coref_precision": 0.6359386178709395,
  "coref_recall": 0.5627457464467268,
  "coref_f1": 0.5971072673794932,
  "mention_recall": 0.9142156862745098,
  "loss": 1.2893994958127277
}