{
  "coref_precision": 0.7541354995644588,
  "coref_recall": 0.5882487104992996,
  "coref_f1": 0.6609410447490264,
  "mention_recall": 0.8959899749373433,
  "loss": 1.071551134100038
}