{
  "coref_precision": 0.596925847378213,
  "coref_recall": 0.5337803513242109,
  "coref_f1": 0.5635892729826134,
  "mention_recall": 0.9152334152334153,
  "loss": 1.4624286427727617
}