{
  "coref_precision": 0.605257957934346,
  "coref_recall": 0.5523272318441211,
  "coref_f1": 0.5775820805202735,
  "mention_recall": 0.9160401002506265,
  "loss": 1.580705951324425
}