{
  "coref_precision": 0.6961293826797572,
  "coref_recall": 0.5670273430307117,
  "coref_f1": 0.6247007406663413,
  "mention_recall": 0.9008297915401741,
  "loss": 53.72725858374321
}