{
  "coref_precision": 0.6900636986117411,
  "coref_recall": 0.5742724300847312,
  "coref_f1": 0.6266332372855568,
  "mention_recall": 0.9055859137826351,
  "loss": 52.165461290071065
}