{
  "coref_precision": 0.7334303522207543,
  "coref_recall": 0.6321513951947487,
  "coref_f1": 0.679035062342327,
  "mention_recall": 0.903387703889586,
  "loss": 1.1155753920412046
}