{
  "coref_precision": 0.7406629164557414,
  "coref_recall": 0.6191461303139753,
  "coref_f1": 0.6744749592711172,
  "mention_recall": 0.8972431077694235,
  "loss": 0.9570415662269027
}