{
  "coref_precision": 0.6708147167928482,
  "coref_recall": 0.5580208406717261,
  "coref_f1": 0.609240977537274,
  "mention_recall": 0.8920953575909661,
  "loss": 1.0872849651530927
}