{
  "coref_precision": 0.6084890459936699,
  "coref_recall": 0.5568502314116349,
  "coref_f1": 0.5815235466748012,
  "mention_recall": 0.9238329238329238,
  "loss": 2.0411748716718408
}