{
  "coref_precision": 0.6352989836826844,
  "coref_recall": 0.5804017061370002,
  "coref_f1": 0.6066071541387906,
  "mention_recall": 0.9240196078431373,
  "loss": 1.6162950553802724
}