{
  "coref_precision": 0.6130560178834258,
  "coref_recall": 0.5529806114364938,
  "coref_f1": 0.5814707123432895,
  "mention_recall": 0.9215686274509803,
  "loss": 1.3871762166112296
}