{
  "coref_precision": 0.7294664146806608,
  "coref_recall": 0.6306941281541961,
  "coref_f1": 0.6764935862905966,
  "mention_recall": 0.9035087719298246,
  "loss": 1.147823122887798
}