{
  "coref_precision": 0.617306536592582,
  "coref_recall": 0.5451925609820346,
  "coref_f1": 0.5790115187020491,
  "mention_recall": 0.9103194103194103,
  "loss": 1.4190948139108803
}