{
  "coref_precision": 0.7059800246282446,
  "coref_recall": 0.5591094158887694,
  "coref_f1": 0.623483279313881,
  "mention_recall": 0.9044221817445861,
  "loss": 50.23519542472619
}