{
  "coref_precision": 0.6289139263913524,
  "coref_recall": 0.5401110754390822,
  "coref_f1": 0.5811389089192748,
  "mention_recall": 0.8958594730238394,
  "loss": 1.4066758226513183
}