{
  "coref_precision": 0.5601411564805608,
  "coref_recall": 0.492255812431251,
  "coref_f1": 0.5240081742423192,
  "mention_recall": 0.9127764127764127,
  "loss": 1.6236479715355676
}