{
  "coref_precision": 0.6817558693517339,
  "coref_recall": 0.5898943921002745,
  "coref_f1": 0.6325025873966089,
  "mention_recall": 0.9080882352941176,
  "loss": 1.100994603731188
}