{
  "coref_precision": 0.6965266146303793,
  "coref_recall": 0.5752121535802136,
  "coref_f1": 0.629897476949988,
  "mention_recall": 0.9034102408419349,
  "loss": 53.2522223636049
}