{
  "coref_precision": 0.6750802641094903,
  "coref_recall": 0.5782212295692688,
  "coref_f1": 0.6229050226819357,
  "mention_recall": 0.8958333333333334,
  "loss": 1.2516580585878008
}