{
  "coref_precision": 0.7733185244420749,
  "coref_recall": 0.5959535126070868,
  "coref_f1": 0.6731487249372501,
  "mention_recall": 0.8621553884711779,
  "loss": 0.9357095610602466
}