{
  "coref_precision": 0.817495009096695,
  "coref_recall": 0.6454255276918662,
  "coref_f1": 0.7213378190161205,
  "mention_recall": 0.8695106649937264,
  "loss": 0.7015318258255763
}