{
  "coref_precision": 0.5322452008639957,
  "coref_recall": 0.46649664018085063,
  "coref_f1": 0.49720595682094776,
  "mention_recall": 0.902948402948403,
  "loss": 1.971371054857044
}