{
  "coref_precision": 0.6924819699019945,
  "coref_recall": 0.5782926185111164,
  "coref_f1": 0.630062651634549,
  "mention_recall": 0.905130540376442,
  "loss": 55.987935147305414
}