{
  "coref_precision": 0.5488701318066593,
  "coref_recall": 0.4893974117658327,
  "coref_f1": 0.5174298339871781,
  "mention_recall": 0.9090909090909091,
  "loss": 1.7452942983538615
}