{
  "coref_precision": 0.7507144894638983,
  "coref_recall": 0.5547698930794673,
  "coref_f1": 0.6380366769314939,
  "mention_recall": 0.8795483061480552,
  "loss": 1.0878774197505405
}