{
  "coref_precision": 0.7461959476747905,
  "coref_recall": 0.540812651509169,
  "coref_f1": 0.6271154408702261,
  "mention_recall": 0.8734335839598998,
  "loss": 1.0495115526706915
}