{
  "coref_precision": 0.6930229777584328,
  "coref_recall": 0.6046250318309142,
  "coref_f1": 0.6458078861743992,
  "mention_recall": 0.9056372549019608,
  "loss": 1.2416045108524747
}