{
  "coref_precision": 0.6936257221607939,
  "coref_recall": 0.566156942914215,
  "coref_f1": 0.6232298920004545,
  "mention_recall": 0.9035114349322,
  "loss": 52.21644523295296
}