{
  "coref_precision": 0.6946275847345366,
  "coref_recall": 0.6367419526733252,
  "coref_f1": 0.6644263853982523,
  "mention_recall": 0.9313725490196079,
  "loss": 1.148376487424069
}