{
  "coref_precision": 0.6063652844449364,
  "coref_recall": 0.5476937103802775,
  "coref_f1": 0.5755380033127527,
  "mention_recall": 0.9160401002506265,
  "loss": 1.6057183486098663
}