{
  "coref_precision": 0.7199160392954127,
  "coref_recall": 0.6254019869446484,
  "coref_f1": 0.6693354446017996,
  "mention_recall": 0.9146800501882058,
  "loss": 1.1453158103665655
}