{
  "coref_precision": 0.5529617142963855,
  "coref_recall": 0.5108842095684201,
  "coref_f1": 0.5310908159030205,
  "mention_recall": 0.9385749385749386,
  "loss": 1.9009365213742424
}