{
  "coref_precision": 0.6792213938164601,
  "coref_recall": 0.5955358313614462,
  "coref_f1": 0.6345639829609098,
  "mention_recall": 0.9006274033596438,
  "loss": 51.96458285020921
}