{
  "coref_precision": 0.6857394045437535,
  "coref_recall": 0.5834707207619553,
  "coref_f1": 0.630336849217453,
  "mention_recall": 0.9021959117587532,
  "loss": 53.81144327795315
}