{
  "coref_precision": 0.5834759740331895,
  "coref_recall": 0.5452297991771675,
  "coref_f1": 0.5637048412016828,
  "mention_recall": 0.9275184275184275,
  "loss": 1.7302122301347265
}