{
  "coref_precision": 0.8168876671582629,
  "coref_recall": 0.7005252748182835,
  "coref_f1": 0.7542444810607002,
  "mention_recall": 0.931077694235589,
  "loss": 0.9330871282219264
}