{
  "coref_precision": 0.669348541417507,
  "coref_recall": 0.636866505861604,
  "coref_f1": 0.6527034709945702,
  "mention_recall": 0.9362745098039216,
  "loss": 1.4425306418279205
}