{
  "coref_precision": 0.6889712456404484,
  "coref_recall": 0.5848734952361556,
  "coref_f1": 0.6326660846147639,
  "mention_recall": 0.8972431077694235,
  "loss": 1.2513312388719184
}