{
  "coref_precision": 0.7867084669052394,
  "coref_recall": 0.6966447175177232,
  "coref_f1": 0.7389418132455718,
  "mention_recall": 0.9360100376411543,
  "loss": 1.0583012861753522
}