{
  "coref_precision": 0.6572187712442721,
  "coref_recall": 0.6085081086306576,
  "coref_f1": 0.6319255677150392,
  "mention_recall": 0.928921568627451,
  "loss": 1.5409681558424684
}