{
  "coref_precision": 0.7354286375692256,
  "coref_recall": 0.6264879807404196,
  "coref_f1": 0.6766010575983139,
  "mention_recall": 0.8983688833124216,
  "loss": 1.1058183680717744
}