{
  "coref_precision": 0.5750741644923231,
  "coref_recall": 0.5363914951634249,
  "coref_f1": 0.5550583558777297,
  "mention_recall": 0.9262899262899262,
  "loss": 1.9151040249241553
}