{
  "coref_precision": 0.6760848719004198,
  "coref_recall": 0.5896825719945414,
  "coref_f1": 0.6298643044580143,
  "mention_recall": 0.9061424812790932,
  "loss": 54.93858487011621
}