{
  "coref_precision": 0.6109799890790253,
  "coref_recall": 0.5426520385115897,
  "coref_f1": 0.5747920647434541,
  "mention_recall": 0.903387703889586,
  "loss": 1.4853483268649474
}