{
  "coref_precision": 0.6609577482943024,
  "coref_recall": 0.5982098647539823,
  "coref_f1": 0.6280149897666516,
  "mention_recall": 0.9178921568627451,
  "loss": 1.4397136076213957
}