{
  "coref_precision": 0.6212745109021112,
  "coref_recall": 0.5411739277083608,
  "coref_f1": 0.5784637439784838,
  "mention_recall": 0.8972431077694235,
  "loss": 1.367234126585223
}