{
  "coref_precision": 0.5613780484854981,
  "coref_recall": 0.5135218152762012,
  "coref_f1": 0.5363841825747163,
  "mention_recall": 0.9201474201474201,
  "loss": 1.7815609739159153
}