{
  "coref_precision": 0.6908554514178363,
  "coref_recall": 0.581118406651341,
  "coref_f1": 0.631137473645858,
  "mention_recall": 0.903865614248128,
  "loss": 53.56806460867807
}