{
  "coref_precision": 0.7474655757692116,
  "coref_recall": 0.6921643428386032,
  "coref_f1": 0.7187523395181804,
  "mention_recall": 0.9197994987468672,
  "loss": 1.0667537197198294
}