{
  "coref_precision": 0.5934650539869849,
  "coref_recall": 0.5695145304794426,
  "coref_f1": 0.5812423740887904,
  "mention_recall": 0.9447174447174447,
  "loss": 1.9657409336396077
}