{
  "coref_precision": 0.6892302962196192,
  "coref_recall": 0.661891499023852,
  "coref_f1": 0.6752839440233197,
  "mention_recall": 0.9473039215686274,
  "loss": 1.4346367608581425
}