{
  "coref_precision": 0.7958538973305275,
  "coref_recall": 0.724501480236437,
  "coref_f1": 0.7585030973662535,
  "mention_recall": 0.9196988707653702,
  "loss": 0.8274266381788102
}