{
  "coref_precision": 0.691646603934915,
  "coref_recall": 0.5720920009564633,
  "coref_f1": 0.6259803539564706,
  "mention_recall": 0.90153815017203,
  "loss": 52.74991093648279
}