{
  "coref_precision": 0.6271637539590778,
  "coref_recall": 0.4937584047560481,
  "coref_f1": 0.5525221865896756,
  "mention_recall": 0.8959899749373433,
  "loss": 1.8296156558798673
}