{
  "coref_precision": 0.7396305030098059,
  "coref_recall": 0.5667082720938045,
  "coref_f1": 0.6417215953259084,
  "mention_recall": 0.903387703889586,
  "loss": 1.1876621706572135
}