{
  "coref_precision": 0.5713227982650227,
  "coref_recall": 0.5117897802108328,
  "coref_f1": 0.539918868044446,
  "mention_recall": 0.9226044226044227,
  "loss": 2.0744404839111272
}