{
  "coref_precision": 0.6921029365949959,
  "coref_recall": 0.6087683558271794,
  "coref_f1": 0.647755457959713,
  "mention_recall": 0.9129901960784313,
  "loss": 1.2205723102254322
}