{
  "coref_precision": 0.6232942456929702,
  "coref_recall": 0.5502569555201133,
  "coref_f1": 0.5845026579743872,
  "mention_recall": 0.9066339066339066,
  "loss": 1.6254199733533117
}