{
  "coref_precision": 0.6951727496422871,
  "coref_recall": 0.5711130022983063,
  "coref_f1": 0.6268613096062907,
  "mention_recall": 0.9024488969844161,
  "loss": 51.81863631222975
}