{
  "coref_precision": 0.7199374325273814,
  "coref_recall": 0.6505914065963085,
  "coref_f1": 0.6834965769516739,
  "mention_recall": 0.9154411764705882,
  "loss": 1.0427593489856661
}