{
  "coref_precision": 0.7785345579497626,
  "coref_recall": 0.6601692239012834,
  "coref_f1": 0.7144756359981832,
  "mention_recall": 0.8958594730238394,
  "loss": 0.8230791809000259
}