{
  "coref_precision": 0.6099822163810161,
  "coref_recall": 0.5173551151359478,
  "coref_f1": 0.5598625984728235,
  "mention_recall": 0.8959899749373433,
  "loss": 1.4322057923245723
}