{
  "coref_precision": 0.5125309923115565,
  "coref_recall": 0.46613228060596473,
  "coref_f1": 0.4882256885169201,
  "mention_recall": 0.9152334152334153,
  "loss": 2.047515893412098
}