{
  "coref_precision": 0.8091746984530861,
  "coref_recall": 0.7100878703945224,
  "coref_f1": 0.75639799914289,
  "mention_recall": 0.9021329987452948,
  "loss": 0.7491849906645985
}