{
  "coref_precision": 0.6981023802080646,
  "coref_recall": 0.5706677041305369,
  "coref_f1": 0.6276809682645191,
  "mention_recall": 0.903865614248128,
  "loss": 51.86270573966897
}