{
  "coref_precision": 0.7757672961163263,
  "coref_recall": 0.6635703806547869,
  "coref_f1": 0.7152958558355489,
  "mention_recall": 0.9159347553324969,
  "loss": 0.9799943843478455
}