{
  "coref_precision": 0.540410414461993,
  "coref_recall": 0.4666968403810509,
  "coref_f1": 0.5008519484313081,
  "mention_recall": 0.9054054054054054,
  "loss": 2.1427122553274534
}