{
  "coref_precision": 0.6190181067192728,
  "coref_recall": 0.5010626502181883,
  "coref_f1": 0.5538292551927068,
  "mention_recall": 0.8909774436090225,
  "loss": 1.764731859843434
}