{
  "coref_precision": 0.6833173793614377,
  "coref_recall": 0.5828784536053354,
  "coref_f1": 0.6289692932453355,
  "mention_recall": 0.9075591985428051,
  "loss": 54.65694637878413
}