{
  "coref_precision": 0.7445382160756018,
  "coref_recall": 0.6880732511859963,
  "coref_f1": 0.7151289193448584,
  "mention_recall": 0.9068627450980392,
  "loss": 1.1827057698033026
}