{
  "coref_precision": 0.5091832327949956,
  "coref_recall": 0.4745983737211808,
  "coref_f1": 0.49116021057631515,
  "mention_recall": 0.9115479115479116,
  "loss": 2.398957517737444
}