{
  "coref_precision": 0.7281232782575425,
  "coref_recall": 0.6269248271699253,
  "coref_f1": 0.6737415454131046,
  "mention_recall": 0.9080882352941176,
  "loss": 1.1827853281949474
}