{
  "coref_precision": 0.6943753597724646,
  "coref_recall": 0.5707226592894297,
  "coref_f1": 0.6262761165389343,
  "mention_recall": 0.9032078526614046,
  "loss": 55.91319599836107
}