{
  "coref_precision": 0.5721531756193426,
  "coref_recall": 0.5189315711245536,
  "coref_f1": 0.5442442904837447,
  "mention_recall": 0.9250614250614251,
  "loss": 1.9875419733337572
}