{
  "coref_precision": 0.6845045282589229,
  "coref_recall": 0.5731597159169483,
  "coref_f1": 0.6237061671489973,
  "mention_recall": 0.8986541185994738,
  "loss": 51.622565615780374
}