{
  "coref_precision": 0.7407374758243314,
  "coref_recall": 0.6393606859729039,
  "coref_f1": 0.6863223786066593,
  "mention_recall": 0.8958594730238394,
  "loss": 1.0540894383961028
}