{
  "coref_precision": 0.6843763139436835,
  "coref_recall": 0.5805028363158765,
  "coref_f1": 0.6281736326779371,
  "mention_recall": 0.8884711779448622,
  "loss": 1.152418308177413
}