{
  "coref_precision": 0.6641920596708889,
  "coref_recall": 0.597219687538315,
  "coref_f1": 0.6289213108049049,
  "mention_recall": 0.9178921568627451,
  "loss": 1.390496180427877
}