{
  "coref_precision": 0.5929161061353816,
  "coref_recall": 0.5251912199280621,
  "coref_f1": 0.5570013499187464,
  "mention_recall": 0.9152334152334153,
  "loss": 1.7815570703968537
}