{
  "coref_precision": 0.6954699133238004,
  "coref_recall": 0.5738916450858643,
  "coref_f1": 0.6286374393437302,
  "mention_recall": 0.901993523578223,
  "loss": 54.92695290495002
}