{
  "coref_precision": 0.7930026872767483,
  "coref_recall": 0.6892750237640574,
  "coref_f1": 0.737509363738433,
  "mention_recall": 0.9096612296110415,
  "loss": 0.8977697444535733
}