{
  "coref_precision": 0.6743024845916795,
  "coref_recall": 0.5947816611733868,
  "coref_f1": 0.6320502759413041,
  "mention_recall": 0.9122807017543859,
  "loss": 1.3992877589174542
}