{
  "coref_precision": 0.7080023989644557,
  "coref_recall": 0.6451977171339917,
  "coref_f1": 0.6751350083069037,
  "mention_recall": 0.9252450980392157,
  "loss": 1.163210135710594
}