{
  "coref_precision": 0.5440906775529178,
  "coref_recall": 0.49896164106690416,
  "coref_f1": 0.5205474382111532,
  "mention_recall": 0.9348894348894349,
  "loss": 2.220532876151919
}