{
  "coref_precision": 0.6897134677240081,
  "coref_recall": 0.580266676139553,
  "coref_f1": 0.6301553766287994,
  "mention_recall": 0.90548471969237,
  "loss": 55.065899328424344
}