{
  "coref_precision": 0.7285504700040203,
  "coref_recall": 0.5861842419307758,
  "coref_f1": 0.649657447135463,
  "mention_recall": 0.8996235884567126,
  "loss": 1.2378611955527477
}