{
  "coref_precision": 0.6966038872330195,
  "coref_recall": 0.5777076407817864,
  "coref_f1": 0.6313945364033687,
  "mention_recall": 0.9040174053835256,
  "loss": 52.53203789776441
}