{
  "coref_precision": 0.7365131101705314,
  "coref_recall": 0.5927907180011392,
  "coref_f1": 0.6568821651561713,
  "mention_recall": 0.903387703889586,
  "loss": 1.0861235828270073
}