{
  "coref_precision": 0.692885888181964,
  "coref_recall": 0.6303946326005149,
  "coref_f1": 0.6601634211602398,
  "mention_recall": 0.9215686274509803,
  "loss": 1.2561336321345373
}