{
  "coref_precision": 0.6382093236082381,
  "coref_recall": 0.5101255292863044,
  "coref_f1": 0.5670239505401332,
  "mention_recall": 0.9060150375939849,
  "loss": 1.6804645247325776
}