{
  "coref_precision": 0.5829226236265985,
  "coref_recall": 0.5292290296676262,
  "coref_f1": 0.5547794801894192,
  "mention_recall": 0.9250614250614251,
  "loss": 1.864142735469301
}