{
  "coref_precision": 0.46270726390982436,
  "coref_recall": 0.41657933850916296,
  "coref_f1": 0.43843318359929023,
  "mention_recall": 0.9238329238329238,
  "loss": 2.6327560134304804
}