{
  "coref_precision": 0.7948415853590639,
  "coref_recall": 0.7132874025030889,
  "coref_f1": 0.7518571942999609,
  "mention_recall": 0.9166666666666666,
  "loss": 0.9123178761005161
}