{
  "coref_precision": 0.6901196984971985,
  "coref_recall": 0.5777788129493272,
  "coref_f1": 0.6287817392663827,
  "mention_recall": 0.8991600890507995,
  "loss": 51.82527396488726
}