{
  "coref_precision": 0.69518663614027,
  "coref_recall": 0.6254772597859793,
  "coref_f1": 0.6584917519747091,
  "mention_recall": 0.8922305764411027,
  "loss": 1.2005365953075031
}