{
  "coref_precision": 0.6727549830551974,
  "coref_recall": 0.6125592408680643,
  "coref_f1": 0.6412457869696779,
  "mention_recall": 0.9313725490196079,
  "loss": 1.2441216368555836
}