{
  "coref_precision": 0.7416712813881211,
  "coref_recall": 0.6586039066202366,
  "coref_f1": 0.6976736107108129,
  "mention_recall": 0.904642409033877,
  "loss": 1.0037307165161193
}