{
  "coref_precision": 0.5523718060058279,
  "coref_recall": 0.5120546383704278,
  "coref_f1": 0.5314495970987361,
  "mention_recall": 0.9324324324324325,
  "loss": 1.924301822961026
}