{
  "coref_precision": 0.5632971863522264,
  "coref_recall": 0.5238963844227001,
  "coref_f1": 0.542882457085287,
  "mention_recall": 0.9164619164619164,
  "loss": 1.993145378382708
}