{
  "coref_precision": 0.8203472376266315,
  "coref_recall": 0.7235625102105389,
  "coref_f1": 0.7689211602820208,
  "mention_recall": 0.903387703889586,
  "loss": 0.6975196492357754
}