{
  "coref_precision": 0.6832940574932641,
  "coref_recall": 0.6495373317677239,
  "coref_f1": 0.6659879773854653,
  "mention_recall": 0.9264705882352942,
  "loss": 1.2955481835994502
}