{
  "coref_precision": 0.7765124147882769,
  "coref_recall": 0.6809549219800596,
  "coref_f1": 0.7256006308358249,
  "mention_recall": 0.9010025062656641,
  "loss": 0.9512451037950619
}