{
  "coref_precision": 0.6843430894810792,
  "coref_recall": 0.5780228993174342,
  "coref_f1": 0.626547261946191,
  "mention_recall": 0.8971362072454968,
  "loss": 53.245416219782115
}