{
  "coref_precision": 0.6795147015639434,
  "coref_recall": 0.5809266519070797,
  "coref_f1": 0.6262171086741727,
  "mention_recall": 0.9001214329083181,
  "loss": 53.86087720610279
}