{
  "coref_precision": 0.6681180852890679,
  "coref_recall": 0.6287400145243282,
  "coref_f1": 0.647831123181872,
  "mention_recall": 0.9301470588235294,
  "loss": 1.4121492175816426
}