{
  "coref_precision": 0.6455622614084566,
  "coref_recall": 0.5790954596401048,
  "coref_f1": 0.610525083965609,
  "mention_recall": 0.899749373433584,
  "loss": 1.4782236826548756
}