{
  "coref_precision": 0.6664100875527756,
  "coref_recall": 0.5317089333716724,
  "coref_f1": 0.5914864657342482,
  "mention_recall": 0.8784461152882206,
  "loss": 1.553638448516669
}