{
  "coref_precision": 0.594556242756863,
  "coref_recall": 0.5491274368467349,
  "coref_f1": 0.5709384380182819,
  "mention_recall": 0.9201474201474201,
  "loss": 1.9296443567039325
}