{
  "coref_precision": 0.6996735982528605,
  "coref_recall": 0.6269586940205459,
  "coref_f1": 0.6613227459984773,
  "mention_recall": 0.9008782936010038,
  "loss": 1.2891433252298667
}