{
  "coref_precision": 0.7112559544850107,
  "coref_recall": 0.5799837450135846,
  "coref_f1": 0.6389461125979299,
  "mention_recall": 0.8858218318695107,
  "loss": 1.3105678213170215
}