{
  "coref_precision": 0.6599718053353644,
  "coref_recall": 0.6068248427317054,
  "coref_f1": 0.6322807902030161,
  "mention_recall": 0.9203431372549019,
  "loss": 1.5868648591961394
}