{
  "coref_precision": 0.6056921091371579,
  "coref_recall": 0.5632582742231863,
  "coref_f1": 0.5837037813964557,
  "mention_recall": 0.9299754299754299,
  "loss": 1.8784842171209346
}