{
  "coref_precision": 0.6942842104487821,
  "coref_recall": 0.5717555326842255,
  "coref_f1": 0.6268177132902455,
  "mention_recall": 0.9032078526614046,
  "loss": 53.514632249882595
}