{
  "coref_precision": 0.6926664523223316,
  "coref_recall": 0.5718578609041488,
  "coref_f1": 0.6262348438451076,
  "mention_recall": 0.9038150172029954,
  "loss": 56.95137507644507
}