{
  "coref_precision": 0.4982413169786762,
  "coref_recall": 0.4310713823871719,
  "coref_f1": 0.4622243186588459,
  "mention_recall": 0.9127764127764127,
  "loss": 2.576729010902002
}