{
  "coref_precision": 0.7036475364064131,
  "coref_recall": 0.5903639918091712,
  "coref_f1": 0.6420469121020803,
  "mention_recall": 0.8933500627352572,
  "loss": 1.3680451813300016
}