{
  "coref_precision": 0.7245921799703504,
  "coref_recall": 0.6177040597383734,
  "coref_f1": 0.6668905780483314,
  "mention_recall": 0.9056372549019608,
  "loss": 1.2774378707210412
}