{
  "coref_precision": 0.614832133987148,
  "coref_recall": 0.49418856264234634,
  "coref_f1": 0.5479383462323747,
  "mention_recall": 0.8859649122807017,
  "loss": 1.634636916184267
}