{
  "coref_precision": 0.5809287623482069,
  "coref_recall": 0.4879473861799078,
  "coref_f1": 0.530392223041982,
  "mention_recall": 0.893483709273183,
  "loss": 2.009425788023004
}