{
  "coref_precision": 0.48689660519860656,
  "coref_recall": 0.4348130027954589,
  "coref_f1": 0.4593831487312782,
  "mention_recall": 0.9275184275184275,
  "loss": 2.9342182165096484
}