{
  "coref_precision": 0.7885264677452177,
  "coref_recall": 0.6338119282249702,
  "coref_f1": 0.7027434546489536,
  "mention_recall": 0.8920953575909661,
  "loss": 1.0692280932528848
}