{
  "coref_precision": 0.7444234727988409,
  "coref_recall": 0.6823920224655519,
  "coref_f1": 0.7120561440246318,
  "mention_recall": 0.9362745098039216,
  "loss": 1.3529453073491906
}