{
  "coref_precision": 0.791602668967986,
  "coref_recall": 0.6906941973994908,
  "coref_f1": 0.7377116556888774,
  "mention_recall": 0.9008782936010038,
  "loss": 0.9029535820426007
}