{
  "coref_precision": 0.7231244262086888,
  "coref_recall": 0.6218459674992798,
  "coref_f1": 0.6686717322739083,
  "mention_recall": 0.8897243107769424,
  "loss": 1.2130362825938152
}