{
  "coref_precision": 0.6943846440895589,
  "coref_recall": 0.5788179338523136,
  "coref_f1": 0.6312116441250581,
  "mention_recall": 0.9050799433313095,
  "loss": 56.53055138175507
}