{
  "coref_precision": 0.7876207333111463,
  "coref_recall": 0.7064672754623736,
  "coref_f1": 0.7448335210468562,
  "mention_recall": 0.9215686274509803,
  "loss": 0.968475259845146
}