{
  "coref_precision": 0.442892301124328,
  "coref_recall": 0.3975964401402998,
  "coref_f1": 0.4190150391315897,
  "mention_recall": 0.9152334152334153,
  "loss": 2.5752162790618143
}