{
  "coref_precision": 0.6996104277214661,
  "coref_recall": 0.5715687195708297,
  "coref_f1": 0.6287589763553313,
  "mention_recall": 0.9031066585711395,
  "loss": 52.39132344591546
}