{
  "coref_precision": 0.7147374355743641,
  "coref_recall": 0.672092894396816,
  "coref_f1": 0.6927288218127926,
  "mention_recall": 0.9313725490196079,
  "loss": 1.1138122042820113
}