{
  "coref_precision": 0.5468768733035252,
  "coref_recall": 0.44049395562880767,
  "coref_f1": 0.487954347963851,
  "mention_recall": 0.9022556390977443,
  "loss": 2.2836194027486845
}