{
  "coref_precision": 0.7705158017670027,
  "coref_recall": 0.617159600428608,
  "coref_f1": 0.6853588626393581,
  "mention_recall": 0.9008782936010038,
  "loss": 1.0502426864497507
}