{
  "coref_precision": 0.522607550744537,
  "coref_recall": 0.4585322563392739,
  "coref_f1": 0.4884726660389222,
  "mention_recall": 0.9152334152334153,
  "loss": 2.05766428206913
}