{
  "coref_precision": 0.7167402329127763,
  "coref_recall": 0.6271695715323168,
  "coref_f1": 0.6689596130349779,
  "mention_recall": 0.9191176470588235,
  "loss": 1.061635443853839
}