{
  "coref_precision": 0.6423409497532091,
  "coref_recall": 0.5659765430713323,
  "coref_f1": 0.6017449704090473,
  "mention_recall": 0.9097744360902256,
  "loss": 1.3841956850015515
}