{
  "coref_precision": 0.575627013884933,
  "coref_recall": 0.541977503819609,
  "coref_f1": 0.5582949118023511,
  "mention_recall": 0.9447174447174447,
  "loss": 1.799830783990462
}