{
  "coref_precision": 0.6876106949385848,
  "coref_recall": 0.5737633069198974,
  "coref_f1": 0.6253055980915501,
  "mention_recall": 0.9042703906091885,
  "loss": 52.5977170155009
}