{
  "coref_precision": 0.8134407758100212,
  "coref_recall": 0.7013691619461543,
  "coref_f1": 0.7532571766115893,
  "mention_recall": 0.9021329987452948,
  "loss": 0.7874596550395939
}