{
  "coref_precision": 0.5482835246297273,
  "coref_recall": 0.513109800390502,
  "coref_f1": 0.5301124687665708,
  "mention_recall": 0.9287469287469288,
  "loss": 1.8766666416174689
}