{
  "coref_precision": 0.6867526003468726,
  "coref_recall": 0.6458668736855011,
  "coref_f1": 0.6656822073415233,
  "mention_recall": 0.9350490196078431,
  "loss": 1.337321591206142
}