{
  "coref_precision": 0.7842794117488784,
  "coref_recall": 0.6710715334242435,
  "coref_f1": 0.7232650341597067,
  "mention_recall": 0.899749373433584,
  "loss": 0.887803735491471
}