{
  "coref_precision": 0.7061251766836492,
  "coref_recall": 0.5705538016254227,
  "coref_f1": 0.6308114414546896,
  "mention_recall": 0.9029548674357417,
  "loss": 51.813860314985
}