{
  "coref_precision": 0.6900802216150578,
  "coref_recall": 0.6332081317375434,
  "coref_f1": 0.6604167283862538,
  "mention_recall": 0.9313725490196079,
  "loss": 1.183524499163854
}