{
  "coref_precision": 0.6931197913544844,
  "coref_recall": 0.5945214171711134,
  "coref_f1": 0.6400425444562776,
  "mention_recall": 0.9058971141781681,
  "loss": 1.1697293458979061
}