{
  "coref_precision": 0.6401822314295694,
  "coref_recall": 0.5549981731050074,
  "coref_f1": 0.5945529067918179,
  "mention_recall": 0.9110275689223057,
  "loss": 1.431562640426841
}