{
  "coref_precision": 0.5516047662824142,
  "coref_recall": 0.5045242611032084,
  "coref_f1": 0.5270150087764457,
  "mention_recall": 0.9324324324324325,
  "loss": 1.7677398666861575
}