{
  "coref_precision": 0.6834583144686132,
  "coref_recall": 0.5877478326884692,
  "coref_f1": 0.6318872510400096,
  "mention_recall": 0.899210686095932,
  "loss": 52.62017338641587
}