{
  "coref_precision": 0.5285797491039426,
  "coref_recall": 0.48410886963518535,
  "coref_f1": 0.5053623356097844,
  "mention_recall": 0.9226044226044227,
  "loss": 1.9636220757679301
}