{
  "coref_precision": 0.7632359074924283,
  "coref_recall": 0.6494368094081953,
  "coref_f1": 0.7017519061444247,
  "mention_recall": 0.9071518193224593,
  "loss": 1.0297593579477342
}