{
  "coref_precision": 0.6519276035166622,
  "coref_recall": 0.5545812839803413,
  "coref_f1": 0.5993272616622084,
  "mention_recall": 0.9072681704260651,
  "loss": 1.3554531377299874
}