{
  "coref_precision": 0.7121379022687041,
  "coref_recall": 0.6465758188797405,
  "coref_f1": 0.6777747775461801,
  "mention_recall": 0.9240196078431373,
  "loss": 1.069650497538073
}