{
  "coref_precision": 0.6956428441280403,
  "coref_recall": 0.5761263373354392,
  "coref_f1": 0.6301264037282577,
  "mention_recall": 0.9013357619914997,
  "loss": 54.83722573945107
}