{
  "coref_precision": 0.7610946924486353,
  "coref_recall": 0.6570507461158813,
  "coref_f1": 0.7052427279437947,
  "mention_recall": 0.8782936010037641,
  "loss": 1.0432032236076545
}