{
  "coref_precision": 0.7417300792593613,
  "coref_recall": 0.6723215464637033,
  "coref_f1": 0.705302604939224,
  "mention_recall": 0.9019607843137255,
  "loss": 1.0361008543281476
}