{
  "coref_precision": 0.47432170907472565,
  "coref_recall": 0.43168216062952913,
  "coref_f1": 0.4519764440713779,
  "mention_recall": 0.9004914004914005,
  "loss": 2.590582801076807
}