{
  "coref_precision": 0.7126653088981257,
  "coref_recall": 0.6128870721957917,
  "coref_f1": 0.6590206221058728,
  "mention_recall": 0.9097744360902256,
  "loss": 1.0992180112538004
}