{
  "coref_precision": 0.6905091961552464,
  "coref_recall": 0.5730658969263194,
  "coref_f1": 0.6261213899956188,
  "mention_recall": 0.9036126290224651,
  "loss": 53.70554101507276
}