{
  "coref_precision": 0.6977888040009111,
  "coref_recall": 0.5666576718758415,
  "coref_f1": 0.6252384905917733,
  "mention_recall": 0.903966808338393,
  "loss": 51.58242852598611
}