{
  "coref_precision": 0.7289913882684164,
  "coref_recall": 0.6377560525535163,
  "coref_f1": 0.6803284096124599,
  "mention_recall": 0.8870765370138017,
  "loss": 1.023470733855248
}