{
  "coref_precision": 0.8231349308436952,
  "coref_recall": 0.67545109261075,
  "coref_f1": 0.7420159769783772,
  "mention_recall": 0.8833124215809285,
  "loss": 0.6866504759668479
}