{
  "coref_precision": 0.5172545525557154,
  "coref_recall": 0.47783342125447387,
  "coref_f1": 0.4967462858875282,
  "mention_recall": 0.9299754299754299,
  "loss": 2.247505555306779
}