{
  "coref_precision": 0.7372112903398812,
  "coref_recall": 0.6712680021503551,
  "coref_f1": 0.7026937433475114,
  "mention_recall": 0.9264705882352942,
  "loss": 1.0466852791492218
}