{
  "coref_precision": 0.6560153868410917,
  "coref_recall": 0.5382982180311324,
  "coref_f1": 0.5913544079979931,
  "mention_recall": 0.8784461152882206,
  "loss": 1.2148235216622196
}