{
  "coref_precision": 0.7221391705219485,
  "coref_recall": 0.6110725013911288,
  "coref_f1": 0.6619586228446824,
  "mention_recall": 0.9019607843137255,
  "loss": 0.9553912435633598
}