{
  "coref_precision": 0.6093388592945824,
  "coref_recall": 0.5209558678595075,
  "coref_f1": 0.5616915815786697,
  "mention_recall": 0.8859649122807017,
  "loss": 1.411566175113192
}