{
  "coref_precision": 0.4990292383772211,
  "coref_recall": 0.4257774520932416,
  "coref_f1": 0.45950126609865416,
  "mention_recall": 0.9103194103194103,
  "loss": 2.021094698812416
}