{
  "coref_precision": 0.6730438169837812,
  "coref_recall": 0.586493612920688,
  "coref_f1": 0.6267940718607461,
  "mention_recall": 0.8822055137844611,
  "loss": 1.320190015852818
}