{
  "coref_precision": 0.7005944047358721,
  "coref_recall": 0.6174017552274648,
  "coref_f1": 0.6563691619406252,
  "mention_recall": 0.8870765370138017,
  "loss": 1.254616968493689
}