{
  "coref_precision": 0.6109270243784001,
  "coref_recall": 0.5479831579096285,
  "coref_f1": 0.5777420164721095,
  "mention_recall": 0.8970588235294118,
  "loss": 1.6143765910931809
}