{
  "coref_precision": 0.6789578204122791,
  "coref_recall": 0.5823365097827632,
  "coref_f1": 0.6268571810655515,
  "mention_recall": 0.9044221817445861,
  "loss": 52.44211367246944
}