{
  "coref_precision": 0.5535730961196383,
  "coref_recall": 0.5321141316755351,
  "coref_f1": 0.5426278759958048,
  "mention_recall": 0.941031941031941,
  "loss": 2.340018353960907
}