{
  "coref_precision": 0.7177365026404919,
  "coref_recall": 0.6242366717853817,
  "coref_f1": 0.667729217885752,
  "mention_recall": 0.8933500627352572,
  "loss": 1.2147009187913647
}