{
  "coref_precision": 0.6823190690703563,
  "coref_recall": 0.6569304152637486,
  "coref_f1": 0.6693837031648462,
  "mention_recall": 0.9424019607843137,
  "loss": 1.517554734326447
}