{
  "coref_precision": 0.6406333638219783,
  "coref_recall": 0.5489494031324353,
  "coref_f1": 0.5912578593010805,
  "mention_recall": 0.8922305764411027,
  "loss": 1.5533578250505615
}