{
  "coref_precision": 0.6876958060091743,
  "coref_recall": 0.5761161168322074,
  "coref_f1": 0.6267901605901273,
  "mention_recall": 0.9052823315118397,
  "loss": 53.23599973491369
}