{
  "coref_precision": 0.8062497031779512,
  "coref_recall": 0.6994462710293116,
  "coref_f1": 0.7490538870951235,
  "mention_recall": 0.904642409033877,
  "loss": 0.8697942742805419
}