{
  "coref_precision": 0.7213792538644602,
  "coref_recall": 0.6508195870940968,
  "coref_f1": 0.6842828889908538,
  "mention_recall": 0.9166666666666666,
  "loss": 1.162737219532143
}