{
  "coref_precision": 0.6870613789143514,
  "coref_recall": 0.5906270084981791,
  "coref_f1": 0.6352048043627779,
  "mention_recall": 0.9010025062656641,
  "loss": 1.2251130234174366
}