{
  "coref_precision": 0.691662795946414,
  "coref_recall": 0.5780948411576545,
  "coref_f1": 0.6296262899578254,
  "mention_recall": 0.904320987654321,
  "loss": 57.7499461342218
}