{
  "coref_precision": 0.652141973646627,
  "coref_recall": 0.5887441171754896,
  "coref_f1": 0.6188186747699025,
  "mention_recall": 0.9105392156862745,
  "loss": 1.5268581938801176
}