{
  "coref_precision": 0.7066927877671471,
  "coref_recall": 0.6102204950790968,
  "coref_f1": 0.6549222206262227,
  "mention_recall": 0.893483709273183,
  "loss": 1.1926358221442535
}