{
  "coref_precision": 0.7046027990609364,
  "coref_recall": 0.6136200373094024,
  "coref_f1": 0.655964006774001,
  "mention_recall": 0.8983688833124216,
  "loss": 1.2604709054511254
}