{
  "coref_precision": 0.685229086151887,
  "coref_recall": 0.5807283760686107,
  "coref_f1": 0.6284905561680842,
  "mention_recall": 0.9029042703906092,
  "loss": 56.458365693513265
}