{
  "coref_precision": 0.5172452147015029,
  "coref_recall": 0.4969700162682618,
  "coref_f1": 0.5068910945849666,
  "mention_recall": 0.9385749385749386,
  "loss": 3.0182244378787195
}