{
  "coref_precision": 0.7898086468694393,
  "coref_recall": 0.6464308007316648,
  "coref_f1": 0.7109630961119845,
  "mention_recall": 0.8834586466165414,
  "loss": 0.7355418468712377
}