{
  "coref_precision": 0.5960441715657989,
  "coref_recall": 0.5086688853383315,
  "coref_f1": 0.5489000906467311,
  "mention_recall": 0.8883312421580929,
  "loss": 1.5595024120854204
}