{
  "coref_precision": 0.6961315885129817,
  "coref_recall": 0.5696697883351668,
  "coref_f1": 0.6263921791375587,
  "mention_recall": 0.9038150172029954,
  "loss": 53.62780712625338
}