{
  "coref_precision": 0.685492604644199,
  "coref_recall": 0.606343842250705,
  "coref_f1": 0.6434872817475205,
  "mention_recall": 0.9105392156862745,
  "loss": 1.2939540410170378
}