{
  "coref_precision": 0.7081704152948466,
  "coref_recall": 0.5506744492015505,
  "coref_f1": 0.6195690395718366,
  "mention_recall": 0.8809523809523809,
  "loss": 1.0973102364602867
}