{
  "coref_precision": 0.696796625303151,
  "coref_recall": 0.5700940427758469,
  "coref_f1": 0.6268613299526481,
  "mention_recall": 0.9018417324428254,
  "loss": 54.05983073541834
}