{
  "coref_precision": 0.7761488128933881,
  "coref_recall": 0.6510269735847574,
  "coref_f1": 0.7081028238328203,
  "mention_recall": 0.8808030112923463,
  "loss": 0.8494320123218897
}