{
  "coref_precision": 0.5273481053333823,
  "coref_recall": 0.4569834188255241,
  "coref_f1": 0.489639241167509,
  "mention_recall": 0.9017199017199017,
  "loss": 1.9610518845528155
}