{
  "coref_precision": 0.6300691923712285,
  "coref_recall": 0.5335060948768725,
  "coref_f1": 0.5777804403498784,
  "mention_recall": 0.8822055137844611,
  "loss": 1.503404707850887
}