{
  "coref_precision": 0.7025548195770289,
  "coref_recall": 0.6080431414990238,
  "coref_f1": 0.6518682005239705,
  "mention_recall": 0.9031862745098039,
  "loss": 1.0978571321525903
}