{
  "coref_precision": 0.5590860523444793,
  "coref_recall": 0.4984559519647238,
  "coref_f1": 0.5270264235844668,
  "mention_recall": 0.9152334152334153,
  "loss": 1.706735813310737
}