{
  "coref_precision": 0.6857892647113687,
  "coref_recall": 0.5858641990251977,
  "coref_f1": 0.6317445671876348,
  "mention_recall": 0.8988059097348715,
  "loss": 51.95896225808932
}