{
  "coref_precision": 0.7881768335470406,
  "coref_recall": 0.6337452065260392,
  "coref_f1": 0.7025743571081268,
  "mention_recall": 0.9135338345864662,
  "loss": 1.028485905343722
}