{
  "coref_precision": 0.563897150878001,
  "coref_recall": 0.5318450485117152,
  "coref_f1": 0.5474007209751526,
  "mention_recall": 0.9385749385749386,
  "loss": 1.9184112971569163
}