{
  "coref_precision": 0.6786822896146508,
  "coref_recall": 0.640668944345415,
  "coref_f1": 0.6591275047830175,
  "mention_recall": 0.9424019607843137,
  "loss": 1.336072617490377
}