{
  "coref_precision": 0.8047323012179692,
  "coref_recall": 0.662114531253791,
  "coref_f1": 0.7264892453110013,
  "mention_recall": 0.903387703889586,
  "loss": 0.8616577184238201
}