{
  "coref_precision": 0.6970839332446109,
  "coref_recall": 0.5694791915189464,
  "coref_f1": 0.6265528080736528,
  "mention_recall": 0.9008297915401741,
  "loss": 55.31284080865769
}