{
  "coref_precision": 0.670397348464324,
  "coref_recall": 0.5637991279520476,
  "coref_f1": 0.6124937943814849,
  "mention_recall": 0.8922305764411027,
  "loss": 1.3550022263896015
}