{
  "coref_precision": 0.545915386931647,
  "coref_recall": 0.4950565397933819,
  "coref_f1": 0.5192429210307982,
  "mention_recall": 0.9152334152334153,
  "loss": 1.9633492178895309
}