{
  "coref_precision": 0.7009912061964396,
  "coref_recall": 0.6367023408690076,
  "coref_f1": 0.6673004920511785,
  "mention_recall": 0.9203431372549019,
  "loss": 1.4021895589046771
}