{
  "coref_precision": 0.768412447701795,
  "coref_recall": 0.654176938309377,
  "coref_f1": 0.7067078088733654,
  "mention_recall": 0.9008782936010038,
  "loss": 1.1763562753860115
}