{
  "coref_precision": 0.6846941692739218,
  "coref_recall": 0.5832884753311017,
  "coref_f1": 0.629842920237701,
  "mention_recall": 0.8991600890507995,
  "loss": 53.81162807745083
}