{
  "coref_precision": 0.6777459849031814,
  "coref_recall": 0.5796850959659832,
  "coref_f1": 0.6247869336502393,
  "mention_recall": 0.9013863590366322,
  "loss": 52.38927580386497
}