{
  "coref_precision": 0.7918150959865433,
  "coref_recall": 0.7630954192497063,
  "coref_f1": 0.7771798206711026,
  "mention_recall": 0.93099121706399,
  "loss": 0.8916988180059953
}