{
  "coref_precision": 0.5559406531097967,
  "coref_recall": 0.536881698285207,
  "coref_f1": 0.5462318921889971,
  "mention_recall": 0.952088452088452,
  "loss": 2.13877155460509
}