{
  "coref_precision": 0.6874301217235154,
  "coref_recall": 0.5762372380269736,
  "coref_f1": 0.6269416211547454,
  "mention_recall": 0.9010025062656641,
  "loss": 1.4361169820280346
}