{
  "coref_precision": 0.7367700766528605,
  "coref_recall": 0.7019475953817405,
  "coref_f1": 0.7189235050904191,
  "mention_recall": 0.9298245614035088,
  "loss": 1.1520164844569265
}