{
  "coref_precision": 0.488703234277871,
  "coref_recall": 0.45400983120281363,
  "coref_f1": 0.4707150224815703,
  "mention_recall": 0.9348894348894349,
  "loss": 2.666735173386126
}