{
  "coref_precision": 0.6864324453185531,
  "coref_recall": 0.6604243886106631,
  "coref_f1": 0.673159127415831,
  "mention_recall": 0.9522058823529411,
  "loss": 1.36961396637689
}