{
  "coref_precision": 0.7965823701900413,
  "coref_recall": 0.6469432276605842,
  "coref_f1": 0.7140049662747656,
  "mention_recall": 0.8958594730238394,
  "loss": 0.9648594493935506
}