{
  "coref_precision": 0.7565363871231536,
  "coref_recall": 0.6949625809919929,
  "coref_f1": 0.7244352795316554,
  "mention_recall": 0.9350490196078431,
  "loss": 1.0119978498348972
}