{
  "coref_precision": 0.7996999961643403,
  "coref_recall": 0.6883541300862589,
  "coref_f1": 0.7398603812169323,
  "mention_recall": 0.8972431077694235,
  "loss": 0.8276563538119225
}