{
  "coref_precision": 0.5892455646974056,
  "coref_recall": 0.5333817870582577,
  "coref_f1": 0.5599188852131102,
  "mention_recall": 0.9056372549019608,
  "loss": 1.7660059786744184
}