{
  "coref_precision": 0.577457655699904,
  "coref_recall": 0.5148372583784995,
  "coref_f1": 0.5443492108240447,
  "mention_recall": 0.9134253450439147,
  "loss": 1.5193922965562652
}