{
  "coref_precision": 0.7325922435799126,
  "coref_recall": 0.650703449034164,
  "coref_f1": 0.6892239419744359,
  "mention_recall": 0.9047619047619048,
  "loss": 1.0598489563248947
}