{
  "coref_precision": 0.5597238311536396,
  "coref_recall": 0.5268891647568119,
  "coref_f1": 0.5427998976515979,
  "mention_recall": 0.9411764705882353,
  "loss": 1.8431109401473307
}