{
  "coref_precision": 0.7021696946416466,
  "coref_recall": 0.573251106345741,
  "coref_f1": 0.6309147322984506,
  "mention_recall": 0.9034102408419349,
  "loss": 54.086519001276585
}