{
  "coref_precision": 0.6692065396730165,
  "coref_recall": 0.5673062912033501,
  "coref_f1": 0.6140484272509844,
  "mention_recall": 0.9019607843137255,
  "loss": 1.2720840865554273
}