{
  "coref_precision": 0.7603376500824576,
  "coref_recall": 0.590518082647624,
  "coref_f1": 0.6647532754726831,
  "mention_recall": 0.8895859473023839,
  "loss": 1.0431393207784565
}