{
  "coref_precision": 0.654960722535438,
  "coref_recall": 0.4875035942789281,
  "coref_f1": 0.5589595488991574,
  "mention_recall": 0.8784461152882206,
  "loss": 1.3294170199274538
}