{
  "coref_precision": 0.5913533223041706,
  "coref_recall": 0.4923114102938664,
  "coref_f1": 0.5373018052767421,
  "mention_recall": 0.8943488943488943,
  "loss": 1.610853811925425
}