{
  "coref_precision": 0.6881511663820188,
  "coref_recall": 0.5739163064035927,
  "coref_f1": 0.6256943784157741,
  "mention_recall": 0.8957700870269176,
  "loss": 57.5562421918364
}