{
  "coref_precision": 0.694705037803318,
  "coref_recall": 0.610274783313999,
  "coref_f1": 0.6497575853971855,
  "mention_recall": 0.8970588235294118,
  "loss": 1.5737468857469852
}