{
  "coref_precision": 0.6000923350001153,
  "coref_recall": 0.5074126783867553,
  "coref_f1": 0.5498623440271412,
  "mention_recall": 0.8809523809523809,
  "loss": 1.922128440816447
}