{
  "coref_precision": 0.5421663913602864,
  "coref_recall": 0.48335444695093815,
  "coref_f1": 0.5110730135790374,
  "mention_recall": 0.9041769041769042,
  "loss": 2.4415207999613493
}