{
  "coref_precision": 0.7456873465935593,
  "coref_recall": 0.6309033561686643,
  "coref_f1": 0.6834507649665827,
  "mention_recall": 0.877038895859473,
  "loss": 1.2429980490499069
}