{
  "coref_precision": 0.6821341478866089,
  "coref_recall": 0.5861641034471012,
  "coref_f1": 0.6303805570722716,
  "mention_recall": 0.9007791944950415,
  "loss": 52.41173335493391
}