{
  "coref_precision": 0.7093177288652722,
  "coref_recall": 0.6588660885229514,
  "coref_f1": 0.6831604448016378,
  "mention_recall": 0.9375,
  "loss": 1.1439044749082103
}