{
  "coref_precision": 0.8244471704934778,
  "coref_recall": 0.7042048427697386,
  "coref_f1": 0.7595967619682115,
  "mention_recall": 0.904642409033877,
  "loss": 0.6819488866564344
}