{
  "coref_precision": 0.7592128572650663,
  "coref_recall": 0.6635342596654458,
  "coref_f1": 0.7081556727203204,
  "mention_recall": 0.9110275689223057,
  "loss": 0.9293035331419534
}