{
  "coref_precision": 0.5520027112132375,
  "coref_recall": 0.5151104054612826,
  "coref_f1": 0.532918651389958,
  "mention_recall": 0.941031941031941,
  "loss": 1.8598830504572108
}