{
  "coref_precision": 0.6935589609265861,
  "coref_recall": 0.5725174187791886,
  "coref_f1": 0.6269995610525606,
  "mention_recall": 0.9055859137826351,
  "loss": 54.21993146014257
}