{
  "coref_precision": 0.7701102271212054,
  "coref_recall": 0.5794622218307359,
  "coref_f1": 0.6613201456600328,
  "mention_recall": 0.8833124215809285,
  "loss": 1.0047878135105035
}