{
  "coref_precision": 0.7275192392420308,
  "coref_recall": 0.608046914051816,
  "coref_f1": 0.6624357088924634,
  "mention_recall": 0.8958333333333334,
  "loss": 1.091103896863097
}