{
  "coref_precision": 0.6821833274167357,
  "coref_recall": 0.5841811264944982,
  "coref_f1": 0.6293057781824293,
  "mention_recall": 0.9050799433313095,
  "loss": 53.39735926119557
}