{
  "coref_precision": 0.7152828834475949,
  "coref_recall": 0.6640875963179885,
  "coref_f1": 0.688726671160757,
  "mention_recall": 0.9411764705882353,
  "loss": 1.3362463841527696
}