{
  "coref_precision": 0.726907390991898,
  "coref_recall": 0.6512615682882767,
  "coref_f1": 0.6870083945389572,
  "mention_recall": 0.9197994987468672,
  "loss": 1.237261300844412
}