{
  "coref_precision": 0.8072223101362721,
  "coref_recall": 0.7163773041973558,
  "coref_f1": 0.7590893887515483,
  "mention_recall": 0.9234629861982434,
  "loss": 0.8091242913868057
}