{
  "coref_precision": 0.550941395741905,
  "coref_recall": 0.503264548439987,
  "coref_f1": 0.5260211481923079,
  "mention_recall": 0.9385749385749386,
  "loss": 2.143309629325409
}