{
  "coref_precision": 0.6962313543844999,
  "coref_recall": 0.5733390094052907,
  "coref_f1": 0.628567023573036,
  "mention_recall": 0.9036126290224651,
  "loss": 53.56520780553806
}