{
  "coref_precision": 0.6470644271332416,
  "coref_recall": 0.5634992961321843,
  "coref_f1": 0.6023975975850245,
  "mention_recall": 0.9097744360902256,
  "loss": 1.426006496009972
}