{
  "coref_precision": 0.7394612734670795,
  "coref_recall": 0.6297155984992281,
  "coref_f1": 0.6801899712803423,
  "mention_recall": 0.9058971141781681,
  "loss": 1.0516127297264644
}