{
  "coref_precision": 0.7121126495661375,
  "coref_recall": 0.6515289449112979,
  "coref_f1": 0.6804644795731146,
  "mention_recall": 0.928921568627451,
  "loss": 1.1311793295146637
}