{
  "coref_precision": 0.6858290530240039,
  "coref_recall": 0.5692614812870148,
  "coref_f1": 0.6219360529519878,
  "mention_recall": 0.9038150172029954,
  "loss": 53.63073237223722
}