{
  "coref_precision": 0.7222441570858104,
  "coref_recall": 0.6418107967793749,
  "coref_f1": 0.6796524582772321,
  "mention_recall": 0.9010025062656641,
  "loss": 1.1957451281369436
}