{
  "coref_precision": 0.5853791378923826,
  "coref_recall": 0.5434169416625556,
  "coref_f1": 0.5636162377653459,
  "mention_recall": 0.9250614250614251,
  "loss": 1.7717808461012383
}