{
  "coref_precision": 0.6522522715717444,
  "coref_recall": 0.5976162771505908,
  "coref_f1": 0.6237323525096409,
  "mention_recall": 0.9227941176470589,
  "loss": 1.4093081632716054
}