{
  "coref_precision": 0.7018335271005371,
  "coref_recall": 0.6168278790053243,
  "coref_f1": 0.6565906066642554,
  "mention_recall": 0.9021329987452948,
  "loss": 1.3065363558775913
}