{
  "coref_precision": 0.6884072634652054,
  "coref_recall": 0.5825238479871245,
  "coref_f1": 0.6308738686077683,
  "mention_recall": 0.9056365108277676,
  "loss": 54.122781368848955
}