{
  "coref_precision": 0.6595049365448012,
  "coref_recall": 0.6007539800431957,
  "coref_f1": 0.6287587484250432,
  "mention_recall": 0.9215686274509803,
  "loss": 1.3680077036115934
}