{
  "coref_precision": 0.7743283590865732,
  "coref_recall": 0.6819076184355053,
  "coref_f1": 0.725178695634091,
  "mention_recall": 0.9060150375939849,
  "loss": 0.8584511012269018
}