{
  "coref_precision": 0.6209825296582819,
  "coref_recall": 0.5463900135955099,
  "coref_f1": 0.5812982549675042,
  "mention_recall": 0.903387703889586,
  "loss": 1.2702038692557898
}