{
  "coref_precision": 0.6922286882096745,
  "coref_recall": 0.5760744629641975,
  "coref_f1": 0.6286398919720221,
  "mention_recall": 0.9057883019631654,
  "loss": 55.543579808694254
}