{
  "coref_precision": 0.5599580448907467,
  "coref_recall": 0.4994724910166086,
  "coref_f1": 0.5279881816719446,
  "mention_recall": 0.9154411764705882,
  "loss": 1.7566011055572115
}