{
  "coref_precision": 0.649023868818911,
  "coref_recall": 0.6086363356655319,
  "coref_f1": 0.6281802583647028,
  "mention_recall": 0.9335006273525721,
  "loss": 1.619361335870006
}