{
  "coref_precision": 0.6992078229749733,
  "coref_recall": 0.5708035544594899,
  "coref_f1": 0.6282706452510791,
  "mention_recall": 0.9050799433313095,
  "loss": 55.839200516389255
}