{
  "coref_precision": 0.6820574844472249,
  "coref_recall": 0.5941819817899944,
  "coref_f1": 0.6350943722817884,
  "mention_recall": 0.9060150375939849,
  "loss": 1.3673650812226492
}