{
  "coref_precision": 0.6904649539937963,
  "coref_recall": 0.6156287430797235,
  "coref_f1": 0.6508960087279481,
  "mention_recall": 0.9166666666666666,
  "loss": 1.3701446558038226
}