{
  "coref_precision": 0.5125247248219565,
  "coref_recall": 0.45656761226936665,
  "coref_f1": 0.4829268289779472,
  "mention_recall": 0.918918918918919,
  "loss": 2.1639518640471866
}