{
  "coref_precision": 0.7345107982874094,
  "coref_recall": 0.6335933203715128,
  "coref_f1": 0.6803297627680972,
  "mention_recall": 0.9071518193224593,
  "loss": 1.0948867844904209
}