{
  "coref_precision": 0.6921334163246646,
  "coref_recall": 0.5685899572622312,
  "coref_f1": 0.624173949193795,
  "mention_recall": 0.8958712811171827,
  "loss": 56.99575550702699
}