{
  "coref_precision": 0.6910978128278996,
  "coref_recall": 0.6282191664544605,
  "coref_f1": 0.6581530184511656,
  "mention_recall": 0.9117647058823529,
  "loss": 1.3923103475157246
}