{
  "coref_precision": 0.5581893312218342,
  "coref_recall": 0.49885754973474267,
  "coref_f1": 0.5268571747872114,
  "mention_recall": 0.9078624078624079,
  "loss": 2.402694097518725
}