{
  "coref_precision": 0.7700761847922809,
  "coref_recall": 0.6460220635361255,
  "coref_f1": 0.7026055197812683,
  "mention_recall": 0.890840652446675,
  "loss": 1.2093412862677717
}