{
  "coref_precision": 0.646407186861451,
  "coref_recall": 0.5371074364135374,
  "coref_f1": 0.5867069652958018,
  "mention_recall": 0.8847117794486216,
  "loss": 1.6592460847153188
}