{
  "coref_precision": 0.6891219192673858,
  "coref_recall": 0.5861962289866992,
  "coref_f1": 0.633396996769473,
  "mention_recall": 0.9048269581056466,
  "loss": 53.31259948905807
}