{
  "coref_precision": 0.6902261065365751,
  "coref_recall": 0.5750033542122154,
  "coref_f1": 0.6271509462464472,
  "mention_recall": 0.9006780004047764,
  "loss": 50.424097026890976
}