{
  "coref_precision": 0.4818665936797317,
  "coref_recall": 0.4425040271531499,
  "coref_f1": 0.4613459024680438,
  "mention_recall": 0.9324324324324325,
  "loss": 2.164434008526695
}