{
  "coref_precision": 0.8444323056155966,
  "coref_recall": 0.6924387875201713,
  "coref_f1": 0.7609194249302874,
  "mention_recall": 0.8933500627352572,
  "loss": 0.590187616923032
}