{
  "coref_precision": 0.7321998945494611,
  "coref_recall": 0.6551807604559455,
  "coref_f1": 0.6915509198565598,
  "mention_recall": 0.8895859473023839,
  "loss": 1.3336750576057315
}