{
  "coref_precision": 0.762635856279692,
  "coref_recall": 0.7002962632864594,
  "coref_f1": 0.730136315749024,
  "mention_recall": 0.9375,
  "loss": 0.949730368702369
}