{
  "coref_precision": 0.7830463012676429,
  "coref_recall": 0.6251891381048228,
  "coref_f1": 0.6952701324994309,
  "mention_recall": 0.8859649122807017,
  "loss": 0.8001199424723827
}