{
  "coref_precision": 0.6991758363798498,
  "coref_recall": 0.6395521537901742,
  "coref_f1": 0.6680361944207279,
  "mention_recall": 0.8909774436090225,
  "loss": 1.3530224195565028
}