{
  "coref_precision": 0.566908525885741,
  "coref_recall": 0.5360910751261628,
  "coref_f1": 0.5510690883601604,
  "mention_recall": 0.9324324324324325,
  "loss": 2.150589000104134
}