{
  "coref_precision": 0.6576474203027268,
  "coref_recall": 0.6172236487187468,
  "coref_f1": 0.6367930772642548,
  "mention_recall": 0.9350490196078431,
  "loss": 1.6567643410351482
}