{
  "coref_precision": 0.6865651491661465,
  "coref_recall": 0.5767190199752578,
  "coref_f1": 0.626706198800474,
  "mention_recall": 0.9050799433313095,
  "loss": 55.03554130241545
}