{
  "coref_precision": 0.6288777471322546,
  "coref_recall": 0.5483444426426882,
  "coref_f1": 0.5858550684863493,
  "mention_recall": 0.8992628992628993,
  "loss": 1.580359478088714
}