{
  "coref_precision": 0.8019311897654258,
  "coref_recall": 0.6552145005208635,
  "coref_f1": 0.7211844108143749,
  "mention_recall": 0.8734335839598998,
  "loss": 0.7367771429608718
}