{
  "coref_precision": 0.6895593472812013,
  "coref_recall": 0.5743577564295642,
  "coref_f1": 0.6265486629072553,
  "mention_recall": 0.9053835256021049,
  "loss": 54.85110423577034
}