{
  "coref_precision": 0.7312121666369958,
  "coref_recall": 0.6567381329636232,
  "coref_f1": 0.691972705972938,
  "mention_recall": 0.9227941176470589,
  "loss": 1.2333382840228173
}