{
  "coref_precision": 0.6347878313931891,
  "coref_recall": 0.5637456089341399,
  "coref_f1": 0.5971611291441546,
  "mention_recall": 0.9135338345864662,
  "loss": 1.7337853300941668
}