{
  "coref_precision": 0.8165107973490849,
  "coref_recall": 0.7228180704721474,
  "coref_f1": 0.7668128559049312,
  "mention_recall": 0.9121706398996235,
  "loss": 0.8862232139330373
}