{
  "coref_precision": 0.49132648294451436,
  "coref_recall": 0.4438275596170333,
  "coref_f1": 0.4663694683238025,
  "mention_recall": 0.9238329238329238,
  "loss": 2.8143551150598265
}