{
  "coref_precision": 0.6860621797384079,
  "coref_recall": 0.589141660534675,
  "coref_f1": 0.6338447212947292,
  "mention_recall": 0.8984517304189436,
  "loss": 53.777345270840065
}