{
  "coref_precision": 0.768800063579331,
  "coref_recall": 0.6514115928295032,
  "coref_f1": 0.7052541593757898,
  "mention_recall": 0.9147869674185464,
  "loss": 1.1429320672744308
}