{
  "coref_precision": 0.6980086002729835,
  "coref_recall": 0.6431375496326477,
  "coref_f1": 0.6694505711934965,
  "mention_recall": 0.9436274509803921,
  "loss": 1.395787207402537
}