{
  "coref_precision": 0.8155707531248235,
  "coref_recall": 0.7019886592446722,
  "coref_f1": 0.7545254788287981,
  "mention_recall": 0.9096612296110415,
  "loss": 0.8802277676410049
}