{
  "coref_precision": 0.5459890982947361,
  "coref_recall": 0.5079769562225702,
  "coref_f1": 0.5262961135237957,
  "mention_recall": 0.9496314496314496,
  "loss": 2.0455709179962405
}