{
  "coref_precision": 0.689076435529565,
  "coref_recall": 0.5860896830316255,
  "coref_f1": 0.6332788165677576,
  "mention_recall": 0.9048269581056466,
  "loss": 54.720111793104486
}