{
  "coref_precision": 0.5247338322333482,
  "coref_recall": 0.4661595008086235,
  "coref_f1": 0.49371299331239143,
  "mention_recall": 0.9287469287469288,
  "loss": 2.2406953962734364
}