{
  "coref_precision": 0.7774100699579202,
  "coref_recall": 0.6373195845791021,
  "coref_f1": 0.7004261201701393,
  "mention_recall": 0.904642409033877,
  "loss": 0.9434797528822225
}