{
  "coref_precision": 0.7236183196421653,
  "coref_recall": 0.634418178045629,
  "coref_f1": 0.6760881665883122,
  "mention_recall": 0.9240196078431373,
  "loss": 1.1821972907193223
}