{
  "coref_precision": 0.6835097007903794,
  "coref_recall": 0.5849233706644353,
  "coref_f1": 0.6302988793886611,
  "mention_recall": 0.8985529245092087,
  "loss": 53.60003090604415
}