{
  "coref_precision": 0.6487973381701139,
  "coref_recall": 0.625037018174273,
  "coref_f1": 0.6366911605224131,
  "mention_recall": 0.9411764705882353,
  "loss": 1.4363196412940042
}