{
  "coref_precision": 0.5560587027319319,
  "coref_recall": 0.534255028553274,
  "coref_f1": 0.5449346209239777,
  "mention_recall": 0.9385749385749386,
  "loss": 1.9156231005507527
}