{
  "coref_precision": 0.7037591267071982,
  "coref_recall": 0.6381792872300859,
  "coref_f1": 0.6693657901391546,
  "mention_recall": 0.9235588972431078,
  "loss": 1.096577444241909
}