{
  "coref_precision": 0.7752716135256675,
  "coref_recall": 0.7068180601371621,
  "coref_f1": 0.7394605822074866,
  "mention_recall": 0.9209535759096612,
  "loss": 0.9305247087141197
}