{
  "coref_precision": 0.6899090207737864,
  "coref_recall": 0.5827103418164914,
  "coref_f1": 0.6315841497668274,
  "mention_recall": 0.898755312689739,
  "loss": 53.06007281102337
}