{
  "coref_precision": 0.6859269840385883,
  "coref_recall": 0.5819561332215573,
  "coref_f1": 0.6295787789045573,
  "mention_recall": 0.9002732240437158,
  "loss": 52.798563650712886
}