{
  "coref_precision": 0.7087878996480718,
  "coref_recall": 0.6093964653076988,
  "coref_f1": 0.655343063860944,
  "mention_recall": 0.9035087719298246,
  "loss": 1.3114937547913075
}