{
  "coref_precision": 0.7918599082806567,
  "coref_recall": 0.6830938498103709,
  "coref_f1": 0.7334663459918472,
  "mention_recall": 0.8996235884567126,
  "loss": 0.926506434954666
}