{
  "coref_precision": 0.6722167038597268,
  "coref_recall": 0.642107996397212,
  "coref_f1": 0.6568170466497372,
  "mention_recall": 0.9485294117647058,
  "loss": 1.5419150969203868
}