{
  "coref_precision": 0.6939316636144213,
  "coref_recall": 0.6337649369512114,
  "coref_f1": 0.662483608246344,
  "mention_recall": 0.9276960784313726,
  "loss": 1.3206847160054214
}