{
  "coref_precision": 0.5328128346283818,
  "coref_recall": 0.4890847386461421,
  "coref_f1": 0.5100115054055695,
  "mention_recall": 0.9275184275184275,
  "loss": 2.071657029861587
}