{
  "coref_precision": 0.6691540257957184,
  "coref_recall": 0.5784149072355,
  "coref_f1": 0.6204845158356748,
  "mention_recall": 0.9021329987452948,
  "loss": 1.2356281649259153
}