{
  "coref_precision": 0.6131317523962081,
  "coref_recall": 0.5218504544440653,
  "coref_f1": 0.5638204194916859,
  "mention_recall": 0.9047619047619048,
  "loss": 1.6795725158313795
}