{
  "coref_precision": 0.5917574143508216,
  "coref_recall": 0.5534867802411662,
  "coref_f1": 0.5719812712249043,
  "mention_recall": 0.9398034398034398,
  "loss": 2.036620753886676
}