{
  "coref_precision": 0.6915577222805488,
  "coref_recall": 0.5707952177323427,
  "coref_f1": 0.6252667771988256,
  "mention_recall": 0.9047763610605141,
  "loss": 53.308543671564806
}