{
  "coref_precision": 0.6928984741877996,
  "coref_recall": 0.5718521597327618,
  "coref_f1": 0.626384279007779,
  "mention_recall": 0.9024994940295487,
  "loss": 57.50926348974864
}