{
  "coref_precision": 0.5938758214358891,
  "coref_recall": 0.5284556543328472,
  "coref_f1": 0.5592363816455431,
  "mention_recall": 0.9103194103194103,
  "loss": 1.7504294970014984
}