{
  "coref_precision": 0.5993557284746647,
  "coref_recall": 0.5396708909866804,
  "coref_f1": 0.5679494270870379,
  "mention_recall": 0.9103194103194103,
  "loss": 1.9975185851232027
}