{
  "coref_precision": 0.7593444604691192,
  "coref_recall": 0.6541806989960958,
  "coref_f1": 0.7028354254353789,
  "mention_recall": 0.8884711779448622,
  "loss": 0.9217441412325263
}