{
  "coref_precision": 0.7675396825396827,
  "coref_recall": 0.6624958806233975,
  "coref_f1": 0.7111298464002035,
  "mention_recall": 0.8920953575909661,
  "loss": 0.9583563840916219
}