{
  "coref_precision": 0.6323940249771384,
  "coref_recall": 0.5523948047232361,
  "coref_f1": 0.5896898807841503,
  "mention_recall": 0.9068627450980392,
  "loss": 1.5752339695762207
}