{
  "coref_precision": 0.6323233318459947,
  "coref_recall": 0.5648853733412555,
  "coref_f1": 0.5967042423077525,
  "mention_recall": 0.9117647058823529,
  "loss": 1.7118993436031094
}