{
  "coref_precision": 0.6612307793759408,
  "coref_recall": 0.5755551416469437,
  "coref_f1": 0.6154139849205907,
  "mention_recall": 0.903387703889586,
  "loss": 1.5475674114006148
}