{
  "coref_precision": 0.6386090517669465,
  "coref_recall": 0.5550262314663991,
  "coref_f1": 0.5938873773711871,
  "mention_recall": 0.9035087719298246,
  "loss": 1.7271732428024156
}