{
  "coref_precision": 0.5889106102806078,
  "coref_recall": 0.521942151851814,
  "coref_f1": 0.5534008593466803,
  "mention_recall": 0.8884711779448622,
  "loss": 1.8848130153777332
}