{
  "coref_precision": 0.694991330808075,
  "coref_recall": 0.6709789302926558,
  "coref_f1": 0.6827606715824183,
  "mention_recall": 0.9350490196078431,
  "loss": 1.538507150576039
}