{
  "coref_precision": 0.7531603920183768,
  "coref_recall": 0.6579700580726092,
  "coref_f1": 0.7023411188334313,
  "mention_recall": 0.8883312421580929,
  "loss": 1.0778356691397557
}