{
  "coref_precision": 0.6938093897746823,
  "coref_recall": 0.5720985630527978,
  "coref_f1": 0.6269740170315977,
  "mention_recall": 0.8973891924711597,
  "loss": 52.26441682079217
}