{
  "coref_precision": 0.6881104542848684,
  "coref_recall": 0.5803370858812036,
  "coref_f1": 0.6295201967997381,
  "mention_recall": 0.9037138231127302,
  "loss": 54.25873816102822
}