{
  "coref_precision": 0.6739797713323926,
  "coref_recall": 0.6373674301370378,
  "coref_f1": 0.655162295043766,
  "mention_recall": 0.9436274509803921,
  "loss": 1.1871719267813141
}