{
  "coref_precision": 0.6547047464100016,
  "coref_recall": 0.5635832382101039,
  "coref_f1": 0.6057362771133153,
  "mention_recall": 0.9010025062656641,
  "loss": 1.2867667586976008
}