{
  "coref_precision": 0.6881290885871406,
  "coref_recall": 0.6386647400198068,
  "coref_f1": 0.6624730800522691,
  "mention_recall": 0.9060150375939849,
  "loss": 1.4760833950712506
}