{
  "coref_precision": 0.5615769482694547,
  "coref_recall": 0.5336615722580634,
  "coref_f1": 0.5472615608927611,
  "mention_recall": 0.9398034398034398,
  "loss": 1.7831394936953497
}