{
  "coref_precision": 0.7348835510359137,
  "coref_recall": 0.6826990625894401,
  "coref_f1": 0.7078279636974459,
  "mention_recall": 0.9058971141781681,
  "loss": 1.2625706313543212
}