{
  "coref_precision": 0.6830350040663126,
  "coref_recall": 0.6457864711541181,
  "coref_f1": 0.6638868139482049,
  "mention_recall": 0.9338235294117647,
  "loss": 1.514615846590234
}