{
  "coref_precision": 0.7638851041693419,
  "coref_recall": 0.6749195340798986,
  "coref_f1": 0.7166511329121392,
  "mention_recall": 0.9071518193224593,
  "loss": 0.8869023787059651
}