{
  "coref_precision": 0.5427993156063331,
  "coref_recall": 0.5180583693741587,
  "coref_f1": 0.5301403380401791,
  "mention_recall": 0.9336609336609336,
  "loss": 2.1372717152417686
}