{
  "coref_precision": 0.6909479133182631,
  "coref_recall": 0.5769319029107577,
  "coref_f1": 0.6285236562299136,
  "mention_recall": 0.9045739728799838,
  "loss": 53.73813064713145
}