{
  "coref_precision": 0.7825283370412661,
  "coref_recall": 0.6705727672567944,
  "coref_f1": 0.7222318794298018,
  "mention_recall": 0.8870765370138017,
  "loss": 0.8617119470473685
}