{
  "coref_precision": 0.734979510514267,
  "coref_recall": 0.6293243095678288,
  "coref_f1": 0.6780568294697114,
  "mention_recall": 0.8834586466165414,
  "loss": 1.0473062139823053
}