{
  "coref_precision": 0.5769709720820331,
  "coref_recall": 0.5215424355775232,
  "coref_f1": 0.5478398584653082,
  "mention_recall": 0.9115479115479116,
  "loss": 1.911505067155734
}