{
  "coref_precision": 0.6328207458009305,
  "coref_recall": 0.5671892241745182,
  "coref_f1": 0.598182791894895,
  "mention_recall": 0.9105392156862745,
  "loss": 1.446226398005938
}