{
  "coref_precision": 0.6899954870181665,
  "coref_recall": 0.5824077156056605,
  "coref_f1": 0.6314963416614704,
  "mention_recall": 0.9029042703906092,
  "loss": 51.7484749140614
}