{
  "coref_precision": 0.7375172701787669,
  "coref_recall": 0.6055233345688963,
  "coref_f1": 0.6650309061791583,
  "mention_recall": 0.918546365914787,
  "loss": 1.1691553314340126
}