{
  "coref_precision": 0.7832198023506868,
  "coref_recall": 0.668747187443311,
  "coref_f1": 0.7214703026908919,
  "mention_recall": 0.917189460476788,
  "loss": 0.8404793929819955
}