{
  "coref_precision": 0.5467858334108421,
  "coref_recall": 0.4757506310137889,
  "coref_f1": 0.508800274889135,
  "mention_recall": 0.941031941031941,
  "loss": 2.041002676498626
}