{
  "coref_precision": 0.7053564585728328,
  "coref_recall": 0.6049416315347688,
  "coref_f1": 0.6512954635054092,
  "mention_recall": 0.9350490196078431,
  "loss": 1.216293891897
}