{
  "coref_precision": 0.6922508713479637,
  "coref_recall": 0.5744739603031305,
  "coref_f1": 0.6276606603957448,
  "mention_recall": 0.90548471969237,
  "loss": 53.20171141440812
}