{
  "coref_precision": 0.5226398029645827,
  "coref_recall": 0.46156710937412687,
  "coref_f1": 0.4901877913821521,
  "mention_recall": 0.9164619164619164,
  "loss": 1.787645437711136
}