{
  "coref_precision": 0.7043116277222041,
  "coref_recall": 0.6150477699497308,
  "coref_f1": 0.6566377681813828,
  "mention_recall": 0.9117647058823529,
  "loss": 1.0167478950482916
}