{
  "coref_precision": 0.6091717921751868,
  "coref_recall": 0.5041686897277365,
  "coref_f1": 0.5517184466144148,
  "mention_recall": 0.8809523809523809,
  "loss": 1.3555907929108444
}