{
  "coref_precision": 0.7691572911856487,
  "coref_recall": 0.6414480714553932,
  "coref_f1": 0.6995168707070419,
  "mention_recall": 0.8870765370138017,
  "loss": 0.8224089795442614
}