{
  "coref_precision": 0.6894171538952083,
  "coref_recall": 0.5796650132420221,
  "coref_f1": 0.629604742958772,
  "mention_recall": 0.9039162112932605,
  "loss": 53.3735611225002
}