{
  "coref_precision": 0.5774748486578051,
  "coref_recall": 0.5352248580318756,
  "coref_f1": 0.5555447669173997,
  "mention_recall": 0.9250614250614251,
  "loss": 1.8893918772460279
}