{
  "coref_precision": 0.6881062069704272,
  "coref_recall": 0.5905023281103405,
  "coref_f1": 0.6355781639981847,
  "mention_recall": 0.9122807017543859,
  "loss": 1.3697064046922303
}