{
  "coref_precision": 0.6765137854363492,
  "coref_recall": 0.6184816182365201,
  "coref_f1": 0.6461965296912048,
  "mention_recall": 0.9227941176470589,
  "loss": 1.3863316827939545
}