{
  "coref_precision": 0.7470546890297541,
  "coref_recall": 0.6464971774375492,
  "coref_f1": 0.6931471897907576,
  "mention_recall": 0.9159347553324969,
  "loss": 1.0142569360622609
}