{
  "coref_precision": 0.6889214036124494,
  "coref_recall": 0.5893290586897122,
  "coref_f1": 0.6351840313004327,
  "mention_recall": 0.8973385954260271,
  "loss": 54.878037902260274
}