{
  "coref_precision": 0.7438169042306942,
  "coref_recall": 0.586650555228717,
  "coref_f1": 0.6559502577980637,
  "mention_recall": 0.8696741854636592,
  "loss": 1.0851661031898112
}