{
  "coref_precision": 0.8379632184807836,
  "coref_recall": 0.6618897292569917,
  "coref_f1": 0.739591305020522,
  "mention_recall": 0.8682559598494354,
  "loss": 0.7578994893708297
}