{
  "coref_precision": 0.7288418949085514,
  "coref_recall": 0.621799519471088,
  "coref_f1": 0.6710702941346464,
  "mention_recall": 0.8970588235294118,
  "loss": 1.1078166835865675
}