{
  "coref_precision": 0.5083704046539381,
  "coref_recall": 0.43605918518199216,
  "coref_f1": 0.4694378838722382,
  "mention_recall": 0.898034398034398,
  "loss": 2.175633536687984
}