{
  "coref_precision": 0.6938710116322898,
  "coref_recall": 0.5719543857415594,
  "coref_f1": 0.6267591783334753,
  "mention_recall": 0.903865614248128,
  "loss": 54.628504473183455
}