{
  "coref_precision": 0.6926253646081904,
  "coref_recall": 0.5735210639887222,
  "coref_f1": 0.6271474030022871,
  "mention_recall": 0.9058894960534305,
  "loss": 52.481963715837175
}