{
  "coref_precision": 0.637212507041205,
  "coref_recall": 0.5853818731011714,
  "coref_f1": 0.6101908814319293,
  "mention_recall": 0.9324324324324325,
  "loss": 1.46857750284561
}