{
  "coref_precision": 0.5781032916907002,
  "coref_recall": 0.5284527110507503,
  "coref_f1": 0.5521574908103845,
  "mention_recall": 0.9301470588235294,
  "loss": 1.7558143541304108
}