{
  "coref_precision": 0.7827214605781623,
  "coref_recall": 0.6925784012521378,
  "coref_f1": 0.7348958559485061,
  "mention_recall": 0.899749373433584,
  "loss": 0.9135077587024023
}