{
  "coref_precision": 0.6965452792616148,
  "coref_recall": 0.675948995247241,
  "coref_f1": 0.6860925218555415,
  "mention_recall": 0.9484029484029484,
  "loss": 1.2036288020246888
}