{
  "coref_precision": 0.544599949487202,
  "coref_recall": 0.5306564123966083,
  "coref_f1": 0.5375372893171013,
  "mention_recall": 0.9485294117647058,
  "loss": 1.9843470652773212
}