{
  "coref_precision": 0.7323735763109668,
  "coref_recall": 0.6537098967935303,
  "coref_f1": 0.6908077650989876,
  "mention_recall": 0.8958594730238394,
  "loss": 1.1066148452646531
}