{
  "coref_precision": 0.7527719730972772,
  "coref_recall": 0.708755934259993,
  "coref_f1": 0.7301006012461934,
  "mention_recall": 0.931077694235589,
  "loss": 0.9694881803400957
}