{
  "coref_precision": 0.5140675286543964,
  "coref_recall": 0.48535675638884257,
  "coref_f1": 0.49929918116563443,
  "mention_recall": 0.9297365119196989,
  "loss": 1.9194181948517168
}