{
  "coref_precision": 0.6882242605812027,
  "coref_recall": 0.5800001387213506,
  "coref_f1": 0.6293593356885437,
  "mention_recall": 0.9041691965189232,
  "loss": 52.8292443885939
}