{
  "coref_precision": 0.6031996626813969,
  "coref_recall": 0.5039142878302344,
  "coref_f1": 0.5491038708158836,
  "mention_recall": 0.899749373433584,
  "loss": 1.862747158945961
}