{
  "coref_precision": 0.7814349840577752,
  "coref_recall": 0.6918732139320375,
  "coref_f1": 0.733915756682344,
  "mention_recall": 0.9166666666666666,
  "loss": 0.8793340892007889
}