{
  "coref_precision": 0.4669414223559792,
  "coref_recall": 0.41780253139902257,
  "coref_f1": 0.4409975768936831,
  "mention_recall": 0.9152334152334153,
  "loss": 2.510315173821282
}