{
  "coref_precision": 0.8457511920382311,
  "coref_recall": 0.6839436658386774,
  "coref_f1": 0.7562890218692421,
  "mention_recall": 0.8933500627352572,
  "loss": 0.6632183146585735
}