{
  "coref_precision": 0.6932532072647816,
  "coref_recall": 0.5810463795180855,
  "coref_f1": 0.6320910812500428,
  "mention_recall": 0.8997166565472576,
  "loss": 51.898392680242935
}