{
  "coref_precision": 0.5168702973400991,
  "coref_recall": 0.48309062651167906,
  "coref_f1": 0.49940988000689357,
  "mention_recall": 0.9361179361179361,
  "loss": 2.502454298133067
}