{
  "coref_precision": 0.7617696846945683,
  "coref_recall": 0.6644357892366322,
  "coref_f1": 0.7097701343180715,
  "mention_recall": 0.9196988707653702,
  "loss": 1.1042389413943214
}