{
  "coref_precision": 0.706197722539006,
  "coref_recall": 0.597394492563385,
  "coref_f1": 0.647246816615811,
  "mention_recall": 0.924812030075188,
  "loss": 1.442389849776282
}