{
  "coref_precision": 0.7097429811407269,
  "coref_recall": 0.6704625031830916,
  "coref_f1": 0.6895427287402013,
  "mention_recall": 0.9424019607843137,
  "loss": 1.4482082293105518
}