{
  "coref_precision": 0.6880128874728957,
  "coref_recall": 0.580780502415238,
  "coref_f1": 0.6297636021788664,
  "mention_recall": 0.8992612831410646,
  "loss": 54.142716273550185
}