{
  "coref_precision": 0.6943247103992988,
  "coref_recall": 0.6320539663676917,
  "coref_f1": 0.6617255795186884,
  "mention_recall": 0.9276960784313726,
  "loss": 1.5293831011987655
}