{
  "coref_precision": 0.7184430231658738,
  "coref_recall": 0.6089009916202444,
  "coref_f1": 0.6591516745221835,
  "mention_recall": 0.8971141781681304,
  "loss": 1.3133068997002866
}