{
  "coref_precision": 0.674466418974418,
  "coref_recall": 0.5655801899844843,
  "coref_f1": 0.6152395324905222,
  "mention_recall": 0.9010025062656641,
  "loss": 1.5161820870309035
}