{
  "coref_precision": 0.5333478855718322,
  "coref_recall": 0.4888285414601204,
  "coref_f1": 0.5101180807525224,
  "mention_recall": 0.9299754299754299,
  "loss": 2.3371029223570883
}