Config: 8 and False and 1000000
Result: (1.5094609757509438, 1.8967124269644837, 0.0)
0.03918516496817271