Config: 6b and False and 1000000
Result: (0.44855483831736653, 0.5998429909133551, 0.12797202797202797)
0.04060568438635932