Config: 7 and False and 1000000
Result: (3.681846984068253, 1.982738923426893, 0.0)
0.0392000499036577