{
  "coref_precision": 0.675554798304694,
  "coref_recall": 0.591844922037806,
  "coref_f1": 0.6308793163112162,
  "mention_recall": 0.9061930783242259,
  "loss": 53.78756260460787
}