{
  "coref_precision": 0.5191854019751384,
  "coref_recall": 0.49350854043836484,
  "coref_f1": 0.5060200366080365,
  "mention_recall": 0.9398034398034398,
  "loss": 2.362370225482664
}