{
  "coref_precision": 0.790135177861937,
  "coref_recall": 0.7095840351193968,
  "coref_f1": 0.7476962505292337,
  "mention_recall": 0.9196988707653702,
  "loss": 0.9399341500768927
}