{
  "coref_precision": 0.6707777732027388,
  "coref_recall": 0.6060230101864037,
  "coref_f1": 0.6367582847973184,
  "mention_recall": 0.9223057644110275,
  "loss": 1.3566484953134479
}