{
  "coref_precision": 0.7528480868266142,
  "coref_recall": 0.7232890294164803,
  "coref_f1": 0.7377706368070429,
  "mention_recall": 0.9473039215686274,
  "loss": 1.2531453923137348
}