{
  "coref_precision": 0.6986661607196343,
  "coref_recall": 0.5711788477660592,
  "coref_f1": 0.6283137909312947,
  "mention_recall": 0.9017911353976927,
  "loss": 50.008372482104726
}