{
  "coref_precision": 0.6874021865129585,
  "coref_recall": 0.6601521164021164,
  "coref_f1": 0.6735014483843011,
  "mention_recall": 0.9546568627450981,
  "loss": 1.4681364355209818
}