{
  "coref_precision": 0.6657692052370136,
  "coref_recall": 0.6204191654250374,
  "coref_f1": 0.642294628370815,
  "mention_recall": 0.9146800501882058,
  "loss": 1.3731942969786344
}