{
  "coref_precision": 0.579450719660188,
  "coref_recall": 0.5605688623232482,
  "coref_f1": 0.5698525976938683,
  "mention_recall": 0.9471744471744472,
  "loss": 2.265972235202266
}