{
  "coref_precision": 0.5325455443195998,
  "coref_recall": 0.4951183898486858,
  "coref_f1": 0.5131503991950908,
  "mention_recall": 0.9085213032581454,
  "loss": 2.0454080323739396
}