Config: 6b and False and 1000000
Result: (0.707108583595663, 0.8021114259482983, 0.062393162393162394)
0.04085364169544644