Config: 8 and False and 1000000
Result: (0.2965653909964464, 0.9803056698679897, 0.026107226107226107)
0.0389634778102239