Config: 6b and False and 1000000
Result: (3.424968705748384, 1.9340206465626728, 0.0)
0.03912004523807101