Config: 7 and False and 1000000
Result: (0.4411981357838325, 1.3486454753468629, 0.002097902097902098)
0.0396230806907018