Config: 8 and False and 1000000
Result: (0.10894300459097767, 0.7209875700670282, 0.08679098679098679)
0.03949507693449657