{
  "coref_precision": 0.6896169597131117,
  "coref_recall": 0.575453071218188,
  "coref_f1": 0.6272643199618507,
  "mention_recall": 0.8955676988463873,
  "loss": 57.115212428492086
}