{
  "coref_precision": 0.6359737782020601,
  "coref_recall": 0.5892172188740816,
  "coref_f1": 0.6116971733345977,
  "mention_recall": 0.9178921568627451,
  "loss": 1.7106644527749875
}