{
  "coref_precision": 0.7385213009461552,
  "coref_recall": 0.6280774112274505,
  "coref_f1": 0.6788337020124047,
  "mention_recall": 0.8822055137844611,
  "loss": 0.940414068535011
}