{
  "coref_precision": 0.6828721908251479,
  "coref_recall": 0.5805101169007133,
  "coref_f1": 0.6274055853067714,
  "mention_recall": 0.8990082979154017,
  "loss": 52.37994373283127
}