{
  "coref_precision": 0.6926376131655996,
  "coref_recall": 0.5738423114214652,
  "coref_f1": 0.6274396674596824,
  "mention_recall": 0.9001720299534507,
  "loss": 51.22097873231717
}