{
  "coref_precision": 0.7082689420044818,
  "coref_recall": 0.5997583142788406,
  "coref_f1": 0.6495109123169865,
  "mention_recall": 0.9259723964868256,
  "loss": 1.5937898083875046
}