{
  "coref_precision": 0.6373473996644727,
  "coref_recall": 0.5751206037970743,
  "coref_f1": 0.6046313972252381,
  "mention_recall": 0.928921568627451,
  "loss": 1.7986082082366561
}