{
  "coref_precision": 0.5977350734130347,
  "coref_recall": 0.5473706960549065,
  "coref_f1": 0.5714439207026462,
  "mention_recall": 0.9336609336609336,
  "loss": 2.0041488861825383
}