{
  "coref_precision": 0.7723403138613342,
  "coref_recall": 0.7025382407889128,
  "coref_f1": 0.7357874569901482,
  "mention_recall": 0.9058971141781681,
  "loss": 1.1719583535460445
}