{
  "coref_precision": 0.5755635263567614,
  "coref_recall": 0.5183496095776797,
  "coref_f1": 0.5454600588036554,
  "mention_recall": 0.9201474201474201,
  "loss": 2.0479567191452355
}