{
  "coref_precision": 0.7401192028239265,
  "coref_recall": 0.5912155130275057,
  "coref_f1": 0.6573397512726142,
  "mention_recall": 0.9160401002506265,
  "loss": 1.5154079009928567
}