{
  "coref_precision": 0.6517086971712055,
  "coref_recall": 0.5845088372049156,
  "coref_f1": 0.6162817508550255,
  "mention_recall": 0.9154411764705882,
  "loss": 1.6026872980367746
}