{
  "coref_precision": 0.7301849174833128,
  "coref_recall": 0.6747415708727571,
  "coref_f1": 0.7013685698164823,
  "mention_recall": 0.9160401002506265,
  "loss": 1.3762656077970623
}