{
  "coref_precision": 0.7007002539323288,
  "coref_recall": 0.5764219867833424,
  "coref_f1": 0.6323165921555084,
  "mention_recall": 0.9060412871888281,
  "loss": 52.41506798720474
}