{
  "coref_precision": 0.6685892261004316,
  "coref_recall": 0.6059931542387683,
  "coref_f1": 0.6357512248731426,
  "mention_recall": 0.918918918918919,
  "loss": 1.3182717649459836
}