{
  "coref_precision": 0.684139043163078,
  "coref_recall": 0.5906272107222651,
  "coref_f1": 0.633880660747344,
  "mention_recall": 0.9035114349322,
  "loss": 54.96678942552602
}