{
  "coref_precision": 0.6880092721424487,
  "coref_recall": 0.5856996376999434,
  "coref_f1": 0.6327447881589515,
  "mention_recall": 0.890840652446675,
  "loss": 1.4879780648729863
}