{
  "coref_precision": 0.5614177337950449,
  "coref_recall": 0.48007423390377046,
  "coref_f1": 0.5175678605604702,
  "mention_recall": 0.8872180451127819,
  "loss": 2.2783022455173714
}