{
  "coref_precision": 0.7076164674320783,
  "coref_recall": 0.6583527855586679,
  "coref_f1": 0.6820946605902419,
  "mention_recall": 0.9338235294117647,
  "loss": 1.409072785572069
}