{
  "coref_precision": 0.5347502559617149,
  "coref_recall": 0.4928549761883095,
  "coref_f1": 0.5129421022756316,
  "mention_recall": 0.9361179361179361,
  "loss": 2.4590905471192173
}