{
  "coref_precision": 0.6889535882652424,
  "coref_recall": 0.5785147455749892,
  "coref_f1": 0.6288382745948918,
  "mention_recall": 0.904320987654321,
  "loss": 52.95765596916953
}