{
  "coref_precision": 0.588348996256246,
  "coref_recall": 0.49862769468032625,
  "coref_f1": 0.5397838472351348,
  "mention_recall": 0.9017199017199017,
  "loss": 1.7950189309268982
}