{
  "coref_precision": 0.6724836334396646,
  "coref_recall": 0.5838716294598646,
  "coref_f1": 0.6250515341573085,
  "mention_recall": 0.9080882352941176,
  "loss": 1.1979653107184571
}