{
  "coref_precision": 0.600851933072632,
  "coref_recall": 0.4731268753067653,
  "coref_f1": 0.5293938034836417,
  "mention_recall": 0.8834586466165414,
  "loss": 1.5565910353373784
}