{
  "coref_precision": 0.6756471861778371,
  "coref_recall": 0.5121085889006114,
  "coref_f1": 0.5826179082787641,
  "mention_recall": 0.8795483061480552,
  "loss": 1.2986280943328306
}