{
  "coref_precision": 0.5832130350961645,
  "coref_recall": 0.5212074644672684,
  "coref_f1": 0.5504694088064433,
  "mention_recall": 0.9215686274509803,
  "loss": 1.5251606581972774
}