{
  "coref_precision": 0.6274399811582446,
  "coref_recall": 0.5556583696934574,
  "coref_f1": 0.5893711472045821,
  "mention_recall": 0.9176904176904177,
  "loss": 1.499247332683404
}