{
  "coref_precision": 0.8353756713471862,
  "coref_recall": 0.6575022566970722,
  "coref_f1": 0.7358404310303736,
  "mention_recall": 0.899749373433584,
  "loss": 0.8597116475950995
}