{
  "coref_precision": 0.6976854536529539,
  "coref_recall": 0.5760983943629042,
  "coref_f1": 0.6308932733035474,
  "mention_recall": 0.9056871078729002,
  "loss": 52.056199438005535
}