{
  "coref_precision": 0.8203014367233598,
  "coref_recall": 0.7274306165606772,
  "coref_f1": 0.7710795865031095,
  "mention_recall": 0.903387703889586,
  "loss": 0.6843922713982123
}