{
  "coref_precision": 0.44189945619742943,
  "coref_recall": 0.4131156732033925,
  "coref_f1": 0.42701958095394393,
  "mention_recall": 0.9250614250614251,
  "loss": 2.4471924165060552
}