{
  "coref_precision": 0.7370107384910197,
  "coref_recall": 0.6518731314074452,
  "coref_f1": 0.6918320383251926,
  "mention_recall": 0.9154411764705882,
  "loss": 1.2372532419199367
}