{
  "coref_precision": 0.6202664746062314,
  "coref_recall": 0.49773226032063417,
  "coref_f1": 0.5522830102458374,
  "mention_recall": 0.8959899749373433,
  "loss": 1.8330849508955451
}