{
  "coref_precision": 0.5100298759860554,
  "coref_recall": 0.4563749954100831,
  "coref_f1": 0.481712570377707,
  "mention_recall": 0.9201474201474201,
  "loss": 2.3550985584365756
}