{
  "coref_precision": 0.6761440959215484,
  "coref_recall": 0.5849952227187281,
  "coref_f1": 0.6271698558235642,
  "mention_recall": 0.905130540376442,
  "loss": 54.4889924314138
}