{
  "coref_precision": 0.6847977818811039,
  "coref_recall": 0.6417029185411538,
  "coref_f1": 0.6625471021772843,
  "mention_recall": 0.9252450980392157,
  "loss": 1.1830119556107446
}