{
  "coref_precision": 0.5351944970298823,
  "coref_recall": 0.5096706355478285,
  "coref_f1": 0.5221141619239528,
  "mention_recall": 0.9238329238329238,
  "loss": 2.028643092824835
}