{
  "coref_precision": 0.5832698835366847,
  "coref_recall": 0.5525468906196845,
  "coref_f1": 0.5674920849114583,
  "mention_recall": 0.9072681704260651,
  "loss": 1.6131453791373545
}