{
  "coref_precision": 0.6887737540222965,
  "coref_recall": 0.6498415805304637,
  "coref_f1": 0.6687411876498834,
  "mention_recall": 0.9109159347553325,
  "loss": 1.220740130123729
}