{
  "coref_precision": 0.5223182870575552,
  "coref_recall": 0.4912229214860793,
  "coref_f1": 0.5062920188709756,
  "mention_recall": 0.9250614250614251,
  "loss": 2.3819056674625276
}