{
  "coref_precision": 0.7175084604498011,
  "coref_recall": 0.6672929104301654,
  "coref_f1": 0.6914887610264527,
  "mention_recall": 0.9227941176470589,
  "loss": 1.2391867809888348
}