{
  "coref_precision": 0.684478850201736,
  "coref_recall": 0.5872434553052085,
  "coref_f1": 0.6320066594051499,
  "mention_recall": 0.9034608378870674,
  "loss": 51.70468975731437
}