{
  "coref_precision": 0.7311498596643212,
  "coref_recall": 0.630107012216203,
  "coref_f1": 0.6768778985462228,
  "mention_recall": 0.9285714285714286,
  "loss": 1.1666939629138924
}