{
  "coref_precision": 0.6711842413112525,
  "coref_recall": 0.589281293325411,
  "coref_f1": 0.6275703840735328,
  "mention_recall": 0.9203431372549019,
  "loss": 1.1409357247770493
}