{
  "coref_precision": 0.7705923309542749,
  "coref_recall": 0.6725376407592605,
  "coref_f1": 0.7182320969920805,
  "mention_recall": 0.9234629861982434,
  "loss": 0.9173914342345583
}