{
  "coref_precision": 0.5795621239151093,
  "coref_recall": 0.5103933678495082,
  "coref_f1": 0.5427789346515779,
  "mention_recall": 0.9226044226044227,
  "loss": 1.6148284980872964
}