{
  "coref_precision": 0.6803096847162854,
  "coref_recall": 0.5886829421714667,
  "coref_f1": 0.631087165550743,
  "mention_recall": 0.9032078526614046,
  "loss": 51.6508386693373
}