{
  "coref_precision": 0.637833397057535,
  "coref_recall": 0.603818374268754,
  "coref_f1": 0.6203426036786867,
  "mention_recall": 0.9110275689223057,
  "loss": 1.3605232268878031
}