{
  "coref_precision": 0.6575635425508107,
  "coref_recall": 0.6516124715879618,
  "coref_f1": 0.6545612644989255,
  "mention_recall": 0.946078431372549,
  "loss": 1.3133523152864655
}