{
  "coref_precision": 0.6648036724265557,
  "coref_recall": 0.6199733251149305,
  "coref_f1": 0.6416022236432348,
  "mention_recall": 0.903387703889586,
  "loss": 1.2393671526874963
}