{
  "coref_precision": 0.5935933048433047,
  "coref_recall": 0.5849144998267805,
  "coref_f1": 0.5891963080336736,
  "mention_recall": 0.9434889434889435,
  "loss": 1.5442336752523922
}