{
  "coref_precision": 0.6910454943803007,
  "coref_recall": 0.5786010732421193,
  "coref_f1": 0.6296571115252897,
  "mention_recall": 0.9009309856304392,
  "loss": 52.386423541392844
}