{
  "coref_precision": 0.4925611821928731,
  "coref_recall": 0.43052136661065693,
  "coref_f1": 0.4594558237562885,
  "mention_recall": 0.8884711779448622,
  "loss": 2.5987993938067335
}