{
  "coref_precision": 0.7769341679556531,
  "coref_recall": 0.6724618659673066,
  "coref_f1": 0.7209260921614238,
  "mention_recall": 0.8971141781681304,
  "loss": 1.0707646999211644
}