{
  "coref_precision": 0.4965299467180426,
  "coref_recall": 0.46086692753359415,
  "coref_f1": 0.4780339361634313,
  "mention_recall": 0.9275184275184275,
  "loss": 2.5183777323932306
}