{
  "coref_precision": 0.6905446240533868,
  "coref_recall": 0.5840814094101922,
  "coref_f1": 0.6327134720040467,
  "mention_recall": 0.904675166970249,
  "loss": 54.64128613880727
}