{
  "coref_precision": 0.7424373502296543,
  "coref_recall": 0.6284462727248795,
  "coref_f1": 0.680702213515016,
  "mention_recall": 0.8884711779448622,
  "loss": 1.231683674454811
}