{
  "coref_precision": 0.6021782089467537,
  "coref_recall": 0.5543507554536965,
  "coref_f1": 0.5772737596793746,
  "mention_recall": 0.9252450980392157,
  "loss": 2.0278891536363792
}