{
  "coref_precision": 0.6033508542878331,
  "coref_recall": 0.5463198844777791,
  "coref_f1": 0.5734156565886912,
  "mention_recall": 0.9152334152334153,
  "loss": 2.053903602381405
}