{
  "coref_precision": 0.7535382502347611,
  "coref_recall": 0.6348819096413463,
  "coref_f1": 0.6891395908212615,
  "mention_recall": 0.8883312421580929,
  "loss": 1.1168376624683611
}