{
  "coref_precision": 0.6888359779142056,
  "coref_recall": 0.5736593186250731,
  "coref_f1": 0.625788386327839,
  "mention_recall": 0.900374418133981,
  "loss": 53.68711601458684
}