{
  "coref_precision": 0.5580069503757845,
  "coref_recall": 0.5098691252200024,
  "coref_f1": 0.5328524116043422,
  "mention_recall": 0.918918918918919,
  "loss": 2.3451320636369855
}