{
  "coref_precision": 0.672087292891974,
  "coref_recall": 0.622284351451018,
  "coref_f1": 0.6462256387461608,
  "mention_recall": 0.9252450980392157,
  "loss": 1.6811121818644297
}