{
  "coref_precision": 0.7487051070298404,
  "coref_recall": 0.638200677633698,
  "coref_f1": 0.6890444223268665,
  "mention_recall": 0.8983688833124216,
  "loss": 1.2631501062351875
}