{
  "coref_precision": 0.6868021127700792,
  "coref_recall": 0.5971808289758015,
  "coref_f1": 0.6388619838894334,
  "mention_recall": 0.8984962406015038,
  "loss": 1.3524627856903908
}