{
  "coref_precision": 0.6901052054047233,
  "coref_recall": 0.5777700578830104,
  "coref_f1": 0.6287030542933993,
  "mention_recall": 0.9047763610605141,
  "loss": 52.25034413572893
}