{
  "coref_precision": 0.7877075637533099,
  "coref_recall": 0.7409893395416569,
  "coref_f1": 0.763610300653126,
  "mention_recall": 0.9259723964868256,
  "loss": 0.9769771970707063
}