{
  "coref_precision": 0.6005855772208544,
  "coref_recall": 0.5611607194024057,
  "coref_f1": 0.5802013057737705,
  "mention_recall": 0.9235588972431078,
  "loss": 1.6903353921945539
}