{
  "coref_precision": 0.5345811524902345,
  "coref_recall": 0.5149552719728159,
  "coref_f1": 0.5245558471231563,
  "mention_recall": 0.9324324324324325,
  "loss": 1.81175962949284
}