{
  "coref_precision": 0.6900472872561486,
  "coref_recall": 0.5843418633296237,
  "coref_f1": 0.6326915270917314,
  "mention_recall": 0.8966302367941712,
  "loss": 53.11827027424467
}