{
  "coref_precision": 0.7994990797094182,
  "coref_recall": 0.7172317640334133,
  "coref_f1": 0.7561327580547342,
  "mention_recall": 0.8920953575909661,
  "loss": 0.8438213367358599
}