{
  "coref_precision": 0.7206357545935447,
  "coref_recall": 0.675816639787228,
  "coref_f1": 0.6975049466372706,
  "mention_recall": 0.9325980392156863,
  "loss": 1.2210234349941131
}