{
  "coref_precision": 0.5335193351651261,
  "coref_recall": 0.5004781895132772,
  "coref_f1": 0.5164692462730354,
  "mention_recall": 0.9250614250614251,
  "loss": 1.9675037827697048
}