{
  "coref_precision": 0.7781297246431812,
  "coref_recall": 0.6941600067811118,
  "coref_f1": 0.7337502240516546,
  "mention_recall": 0.8947368421052632,
  "loss": 0.9206801826907451
}