{
  "coref_precision": 0.7131785569665784,
  "coref_recall": 0.6407810009525696,
  "coref_f1": 0.6750436723280661,
  "mention_recall": 0.9227941176470589,
  "loss": 1.1835079428693975
}