{
  "coref_precision": 0.703198128334309,
  "coref_recall": 0.600727225118427,
  "coref_f1": 0.6479358345308794,
  "mention_recall": 0.9035087719298246,
  "loss": 1.2383431069307183
}