{
  "coref_precision": 0.5243379131819992,
  "coref_recall": 0.464339059953095,
  "coref_f1": 0.49251244845479336,
  "mention_recall": 0.9164619164619164,
  "loss": 2.063096238126918
}