{
  "coref_precision": 0.6819517760917758,
  "coref_recall": 0.5895436867425613,
  "coref_f1": 0.6322981025409569,
  "mention_recall": 0.9023982999392836,
  "loss": 53.12320529503063
}