{
  "coref_precision": 0.5983117648721321,
  "coref_recall": 0.5371789472928515,
  "coref_f1": 0.5660994468825153,
  "mention_recall": 0.8972431077694235,
  "loss": 1.8745966652574695
}