{
  "coref_precision": 0.5575140898198913,
  "coref_recall": 0.5061083411960604,
  "coref_f1": 0.5305459365800343,
  "mention_recall": 0.9078624078624079,
  "loss": 2.1391067833454724
}