{
  "coref_precision": 0.6547294531070532,
  "coref_recall": 0.6027412901187411,
  "coref_f1": 0.6276512083052023,
  "mention_recall": 0.9117647058823529,
  "loss": 1.589447735493411
}