{
  "coref_precision": 0.6596949595811207,
  "coref_recall": 0.5983288881834551,
  "coref_f1": 0.6275115770170584,
  "mention_recall": 0.8920953575909661,
  "loss": 1.4835349854122182
}