{
  "coref_precision": 0.6961117309202556,
  "coref_recall": 0.5800594367745284,
  "coref_f1": 0.6326430726957429,
  "mention_recall": 0.8985023274640761,
  "loss": 52.53584909216827
}