{
  "coref_precision": 0.6855984359340055,
  "coref_recall": 0.5793858933624257,
  "coref_f1": 0.6279635071325801,
  "mention_recall": 0.8890912770694192,
  "loss": 52.03340394398326
}