{
  "coref_precision": 0.6783767536934784,
  "coref_recall": 0.599214601665582,
  "coref_f1": 0.6363431047430166,
  "mention_recall": 0.9203431372549019,
  "loss": 1.3848365553568331
}