{
  "coref_precision": 0.6491392416024565,
  "coref_recall": 0.5737346469344374,
  "coref_f1": 0.6091112825126056,
  "mention_recall": 0.8884711779448622,
  "loss": 1.62602318079269
}