{
  "coref_precision": 0.7262056536077708,
  "coref_recall": 0.6401081011897394,
  "coref_f1": 0.6804434219736643,
  "mention_recall": 0.8895859473023839,
  "loss": 1.3271636481869196
}