{
  "coref_precision": 0.6551312962540896,
  "coref_recall": 0.6136328268681209,
  "coref_f1": 0.6337006585130102,
  "mention_recall": 0.9129901960784313,
  "loss": 1.8707613119773723
}