{
  "coref_precision": 0.6827376385952948,
  "coref_recall": 0.5329161482277481,
  "coref_f1": 0.5985945992411331,
  "mention_recall": 0.8872180451127819,
  "loss": 1.3169856985869113
}