{
  "coref_precision": 0.572412445399842,
  "coref_recall": 0.5470781786571259,
  "coref_f1": 0.5594570972748706,
  "mention_recall": 0.9226044226044227,
  "loss": 2.3680182194974404
}