{
  "coref_precision": 0.6984672860317703,
  "coref_recall": 0.5434468278543004,
  "coref_f1": 0.6112806546638992,
  "mention_recall": 0.8883312421580929,
  "loss": 1.1380628711290404
}