{
  "coref_precision": 0.5693634444935274,
  "coref_recall": 0.5106398264293001,
  "coref_f1": 0.5384038912812218,
  "mention_recall": 0.9213759213759214,
  "loss": 1.8306206920337242
}