{
  "coref_precision": 0.6913762798180375,
  "coref_recall": 0.5718064142592504,
  "coref_f1": 0.6257485019418696,
  "mention_recall": 0.9038150172029954,
  "loss": 55.160886900944384
}