{
  "coref_precision": 0.6886226644166976,
  "coref_recall": 0.5752610391806738,
  "coref_f1": 0.6267167695422272,
  "mention_recall": 0.9041185994737907,
  "loss": 53.7568641071818
}