{
  "coref_precision": 0.6829519553800806,
  "coref_recall": 0.549145702844267,
  "coref_f1": 0.6087809311703871,
  "mention_recall": 0.8983688833124216,
  "loss": 1.2307912491225919
}