{
  "coref_precision": 0.6124035018794193,
  "coref_recall": 0.5704055103177911,
  "coref_f1": 0.5905877292045666,
  "mention_recall": 0.9275184275184275,
  "loss": 1.7131125978380395
}