{
  "coref_precision": 0.7244184714058246,
  "coref_recall": 0.6012067992232958,
  "coref_f1": 0.6570840506098293,
  "mention_recall": 0.9010025062656641,
  "loss": 1.2107563504710854
}