{
  "coref_precision": 0.6083564564795855,
  "coref_recall": 0.5736086353733413,
  "coref_f1": 0.5903940342940756,
  "mention_recall": 0.9215686274509803,
  "loss": 1.5760094964454279
}