{
  "coref_precision": 0.6992942107935148,
  "coref_recall": 0.5699657613051172,
  "coref_f1": 0.6280382834307042,
  "mention_recall": 0.9022556390977443,
  "loss": 1.3868182477957667
}