{
  "coref_precision": 0.7016207902738617,
  "coref_recall": 0.6509430203057655,
  "coref_f1": 0.6753101944387235,
  "mention_recall": 0.9252450980392157,
  "loss": 1.5221720270266517
}