{
  "coref_precision": 0.5445854791816206,
  "coref_recall": 0.5043559166366184,
  "coref_f1": 0.523683045195622,
  "mention_recall": 0.9213759213759214,
  "loss": 2.4206719616773062
}