{
  "coref_precision": 0.7196364205052826,
  "coref_recall": 0.5855963495651916,
  "coref_f1": 0.6457236169014782,
  "mention_recall": 0.8946047678795483,
  "loss": 1.2938558486088376
}