Config: 7 and False and 1000000
Result: (0.6588577558794737, 1.8028371560499232, 0.0)
0.05067884922027588