Config: 8 and False and 1000000
Result: (0.6420630604078376, 1.7362790175631606, 0.0)
0.0499739635652966