Config: 6b and False and 1000000
Result: (1.1107988238076816, 1.2901980894901621, 0.0031857031857031857)
0.05053214569886525