{
  "coref_precision": 0.8349278510776267,
  "coref_recall": 0.7127039380476522,
  "coref_f1": 0.7689886677212971,
  "mention_recall": 0.8946047678795483,
  "loss": 0.7561136984384184
}