{
  "coref_precision": 0.6867185302212202,
  "coref_recall": 0.555669144762282,
  "coref_f1": 0.6142703929578704,
  "mention_recall": 0.883578431372549,
  "loss": 1.4039761987610682
}