{
  "coref_precision": 0.7278868931222157,
  "coref_recall": 0.5933615007511195,
  "coref_f1": 0.6537756442630671,
  "mention_recall": 0.8883312421580929,
  "loss": 1.0911689660888915
}