{
  "coref_precision": 0.7431436419919121,
  "coref_recall": 0.587336519347517,
  "coref_f1": 0.6561160781316295,
  "mention_recall": 0.8809523809523809,
  "loss": 1.0924035668101053
}