{
  "coref_precision": 0.6949213757468514,
  "coref_recall": 0.5698612136866165,
  "coref_f1": 0.6259579133553245,
  "mention_recall": 0.9042703906091885,
  "loss": 56.348672646729426
}