{
  "coref_precision": 0.5897679528908596,
  "coref_recall": 0.5084324113716625,
  "coref_f1": 0.5460865665770508,
  "mention_recall": 0.8972431077694235,
  "loss": 1.7387200719628393
}