{
  "coref_precision": 0.7126711841800253,
  "coref_recall": 0.64641961161569,
  "coref_f1": 0.6779298977826187,
  "mention_recall": 0.9166666666666666,
  "loss": 1.2062034321876343
}