{
  "coref_precision": 0.7050303691304612,
  "coref_recall": 0.6060771396667072,
  "coref_f1": 0.6518177656313322,
  "mention_recall": 0.8958594730238394,
  "loss": 1.3045302687558478
}