{
  "coref_precision": 0.532676496715479,
  "coref_recall": 0.4871366981016103,
  "coref_f1": 0.5088861922461502,
  "mention_recall": 0.9226044226044227,
  "loss": 2.1768821798843327
}