{
  "coref_precision": 0.6829836283052512,
  "coref_recall": 0.5821362534331951,
  "coref_f1": 0.6284239334058791,
  "mention_recall": 0.9042197935640559,
  "loss": 54.13570180933002
}