{
  "coref_precision": 0.6616284910588708,
  "coref_recall": 0.6447073442171481,
  "coref_f1": 0.6528796157550444,
  "mention_recall": 0.9362745098039216,
  "loss": 1.382586264382901
}