{
  "coref_precision": 0.7121045452239504,
  "coref_recall": 0.6794293703257962,
  "coref_f1": 0.6952949013133379,
  "mention_recall": 0.9222082810539524,
  "loss": 1.1460220854238847
}