{
  "coref_precision": 0.6436325930035897,
  "coref_recall": 0.6162084787575755,
  "coref_f1": 0.6295479396621252,
  "mention_recall": 0.918546365914787,
  "loss": 1.4787955386712617
}