{
  "coref_precision": 0.6941970665229552,
  "coref_recall": 0.578548407927156,
  "coref_f1": 0.6309778800824063,
  "mention_recall": 0.9024488969844161,
  "loss": 52.35575057494577
}