{
  "coref_precision": 0.5751682613993369,
  "coref_recall": 0.522083766382012,
  "coref_f1": 0.5473416935798202,
  "mention_recall": 0.9176904176904177,
  "loss": 1.9447425407378114
}