{
  "coref_precision": 0.6912399031364549,
  "coref_recall": 0.6063230750125225,
  "coref_f1": 0.6460024944633743,
  "mention_recall": 0.9010025062656641,
  "loss": 1.182121048138353
}