Config: 8 and False and 1000000
Result: (0.1089413136170082, 0.7209775615872006, 0.08679098679098679)
0.050790651506847806