Config: 7 and False and 1000000
Result: (0.15676489172252864, 1.0706391449461998, 0.013675213675213675)
0.05123454398579067