Config: 6b and False and 1000000
Result: (0.21866455364009663, 0.28817972558060007, 0.2940947940947941)
0.05199903488159179