{
  "coref_precision": 0.6957020713643435,
  "coref_recall": 0.5802754985420662,
  "coref_f1": 0.6326094813904356,
  "mention_recall": 0.9072050192268771,
  "loss": 55.17406014189119
}