{
  "coref_precision": 0.6241392884490655,
  "coref_recall": 0.5340452284031229,
  "coref_f1": 0.5755757676144683,
  "mention_recall": 0.8870765370138017,
  "loss": 1.525087792909627
}