{
  "coref_precision": 0.7708785691241832,
  "coref_recall": 0.6699618789171028,
  "coref_f1": 0.716881955929464,
  "mention_recall": 0.8897243107769424,
  "loss": 0.883535146577083
}