{
  "coref_precision": 0.6035016532342158,
  "coref_recall": 0.5481729336992495,
  "coref_f1": 0.5744835336744186,
  "mention_recall": 0.9041769041769042,
  "loss": 1.626392477493496
}