{
  "coref_precision": 0.6790114954102405,
  "coref_recall": 0.606692508653293,
  "coref_f1": 0.6408143423659849,
  "mention_recall": 0.9117647058823529,
  "loss": 1.4920672244754198
}