{
  "coref_precision": 0.5002595371479882,
  "coref_recall": 0.46363800004150874,
  "coref_f1": 0.4812523519939614,
  "mention_recall": 0.9324324324324325,
  "loss": 2.099228259801588
}