{
  "coref_precision": 0.7518833222478486,
  "coref_recall": 0.6642044958619979,
  "coref_f1": 0.7053288509422996,
  "mention_recall": 0.9122807017543859,
  "loss": 1.0411347813045093
}