{
  "coref_precision": 0.7470976734699905,
  "coref_recall": 0.6862669646983374,
  "coref_f1": 0.7153913890717037,
  "mention_recall": 0.9276960784313726,
  "loss": 1.0063314333718765
}