{
  "coref_precision": 0.8521831914283865,
  "coref_recall": 0.7559753671893336,
  "coref_f1": 0.8011996972210178,
  "mention_recall": 0.9209535759096612,
  "loss": 0.6649689481296488
}