{
  "coref_precision": 0.7007685616595124,
  "coref_recall": 0.5754086201026273,
  "coref_f1": 0.6316460738095264,
  "mention_recall": 0.9026006881198138,
  "loss": 53.153969152530806
}