{
  "coref_precision": 0.7802797937704526,
  "coref_recall": 0.6603612057352236,
  "coref_f1": 0.7153288198823721,
  "mention_recall": 0.8996235884567126,
  "loss": 1.0084493664412681
}