{
  "coref_precision": 0.6641887517313207,
  "coref_recall": 0.5704331372176358,
  "coref_f1": 0.6137480977384399,
  "mention_recall": 0.9010025062656641,
  "loss": 1.5319440771090664
}