{
  "coref_precision": 0.6914588102852335,
  "coref_recall": 0.5801802682142952,
  "coref_f1": 0.6307676327177095,
  "mention_recall": 0.9063954665047561,
  "loss": 53.82320007369733
}