{
  "coref_precision": 0.40560037487755435,
  "coref_recall": 0.3615059237866256,
  "coref_f1": 0.3822851310941415,
  "mention_recall": 0.914004914004914,
  "loss": 2.7897061516095243
}