{
  "coref_precision": 0.8661792174466213,
  "coref_recall": 0.7179650379140674,
  "coref_f1": 0.7851335286701487,
  "mention_recall": 0.8933500627352572,
  "loss": 0.5687214417171874
}