{
  "coref_precision": 0.8310422812797275,
  "coref_recall": 0.7436014557338089,
  "coref_f1": 0.7848916751367124,
  "mention_recall": 0.9105392156862745,
  "loss": 0.7293498360488121
}