{
  "coref_precision": 0.6983000547151564,
  "coref_recall": 0.5709282747203469,
  "coref_f1": 0.6280143220296259,
  "mention_recall": 0.9056871078729002,
  "loss": 51.23540831295956
}