{
  "coref_precision": 0.6922815348805633,
  "coref_recall": 0.5737312834311421,
  "coref_f1": 0.6272224344259232,
  "mention_recall": 0.8961748633879781,
  "loss": 48.99725089633928
}