{
  "coref_precision": 0.7408027319582304,
  "coref_recall": 0.621707668840426,
  "coref_f1": 0.676049841840627,
  "mention_recall": 0.8922305764411027,
  "loss": 1.0631704455168385
}