{
  "coref_precision": 0.7115510304406248,
  "coref_recall": 0.6583810207584718,
  "coref_f1": 0.6839325355133452,
  "mention_recall": 0.9227941176470589,
  "loss": 1.192935590004938
}