{
  "coref_precision": 0.8140824693671244,
  "coref_recall": 0.6705846880460534,
  "coref_f1": 0.735398189090844,
  "mention_recall": 0.890840652446675,
  "loss": 0.8093056426903957
}