{
  "coref_precision": 0.7621999106368106,
  "coref_recall": 0.6984848484848486,
  "coref_f1": 0.7289491513596408,
  "mention_recall": 0.9411764705882353,
  "loss": 1.0192670282237826
}