{
  "coref_precision": 0.6759638673712591,
  "coref_recall": 0.5686715563974009,
  "coref_f1": 0.6176902557451581,
  "mention_recall": 0.9097744360902256,
  "loss": 1.2633756684674495
}