{
  "coref_precision": 0.8249180762313183,
  "coref_recall": 0.7102207600272351,
  "coref_f1": 0.7632837858508541,
  "mention_recall": 0.9096612296110415,
  "loss": 0.7502061753743262
}