{
  "coref_precision": 0.5250778480248499,
  "coref_recall": 0.4787192695087432,
  "coref_f1": 0.5008272897126226,
  "mention_recall": 0.9213759213759214,
  "loss": 1.7788656513017358
}