{
  "coref_precision": 0.5007465015515727,
  "coref_recall": 0.46073421906755235,
  "coref_f1": 0.4799058759477099,
  "mention_recall": 0.941031941031941,
  "loss": 2.2625825994438467
}