{
  "coref_precision": 0.5121448245867595,
  "coref_recall": 0.47062748553976624,
  "coref_f1": 0.49050883255530264,
  "mention_recall": 0.9213759213759214,
  "loss": 2.2715643095271854
}