{
  "coref_precision": 0.7945433976960525,
  "coref_recall": 0.6701006288338146,
  "coref_f1": 0.7270344718363372,
  "mention_recall": 0.9159347553324969,
  "loss": 0.9421446022900163
}