{
  "coref_precision": 0.6699300039311072,
  "coref_recall": 0.5761044685435888,
  "coref_f1": 0.6194844924369717,
  "mention_recall": 0.9147869674185464,
  "loss": 1.4263971059683829
}