{
  "coref_precision": 0.6989494218564646,
  "coref_recall": 0.5672246882751272,
  "coref_f1": 0.6258924454272398,
  "mention_recall": 0.905940093098563,
  "loss": 51.90051678556885
}