{
  "coref_precision": 0.6016116785091311,
  "coref_recall": 0.5454141940984045,
  "coref_f1": 0.5721331737040097,
  "mention_recall": 0.9176904176904177,
  "loss": 1.5008430432066637
}