{
  "coref_precision": 0.7128039716852017,
  "coref_recall": 0.5807207192059248,
  "coref_f1": 0.6400183956144848,
  "mention_recall": 0.8922305764411027,
  "loss": 1.0621565268851187
}