{
  "coref_precision": 0.6972043071949026,
  "coref_recall": 0.5564672270679889,
  "coref_f1": 0.6189350689594307,
  "mention_recall": 0.8971141781681304,
  "loss": 1.1709666124485203
}