{
  "coref_precision": 0.6337995716805241,
  "coref_recall": 0.5694143229682446,
  "coref_f1": 0.59987048182571,
  "mention_recall": 0.9203431372549019,
  "loss": 1.4207685880426635
}