{
  "coref_precision": 0.6905887728802993,
  "coref_recall": 0.586413878966288,
  "coref_f1": 0.6341355883633647,
  "mention_recall": 0.9022465088038859,
  "loss": 51.27683856575877
}