{
  "coref_precision": 0.5792086511299822,
  "coref_recall": 0.5396915655687584,
  "coref_f1": 0.5587494720817657,
  "mention_recall": 0.9287469287469288,
  "loss": 2.0856996955379277
}