{
  "coref_precision": 0.7679708352179188,
  "coref_recall": 0.6507952472013744,
  "coref_f1": 0.7045326707769054,
  "mention_recall": 0.9085213032581454,
  "loss": 1.1327696570061905
}