{
  "coref_precision": 0.6742511400403813,
  "coref_recall": 0.624287989606617,
  "coref_f1": 0.6483082050929724,
  "mention_recall": 0.9276960784313726,
  "loss": 1.4187154626227776
}