{
  "coref_precision": 0.8113081502555186,
  "coref_recall": 0.6879695347915482,
  "coref_f1": 0.7445582612377897,
  "mention_recall": 0.9134253450439147,
  "loss": 0.9835356664311978
}