{
  "coref_precision": 0.6986873982326882,
  "coref_recall": 0.5755880703712298,
  "coref_f1": 0.6310297286577666,
  "mention_recall": 0.900020238818053,
  "loss": 52.70364180047273
}