{
  "coref_precision": 0.5729915893496339,
  "coref_recall": 0.5506720436544997,
  "coref_f1": 0.561608468886252,
  "mention_recall": 0.9508599508599509,
  "loss": 2.0197445477088243
}