{
  "coref_precision": 0.7476138088067815,
  "coref_recall": 0.6601145370587634,
  "coref_f1": 0.7011425503824272,
  "mention_recall": 0.9235588972431078,
  "loss": 1.1259951863410955
}