{
  "coref_precision": 0.7019991492704823,
  "coref_recall": 0.6778358397230946,
  "coref_f1": 0.6897057986365294,
  "mention_recall": 0.9509803921568627,
  "loss": 1.461024702164889
}