{
  "coref_precision": 0.7658929316143138,
  "coref_recall": 0.6939983781553009,
  "coref_f1": 0.7281747974826208,
  "mention_recall": 0.9259723964868256,
  "loss": 0.9599005290337292
}