{
  "coref_precision": 0.6845829761951413,
  "coref_recall": 0.5839942715815243,
  "coref_f1": 0.6301926598559474,
  "mention_recall": 0.8968326249747015,
  "loss": 53.58714816043332
}