{
  "coref_precision": 0.5490659334070043,
  "coref_recall": 0.5002611064014572,
  "coref_f1": 0.5235250423794305,
  "mention_recall": 0.9164619164619164,
  "loss": 2.551249599996081
}