{
  "coref_precision": 0.7752439721963174,
  "coref_recall": 0.627881401281574,
  "coref_f1": 0.6938241355117268,
  "mention_recall": 0.8870765370138017,
  "loss": 1.075357306805655
}