{
  "coref_precision": 0.686049191357236,
  "coref_recall": 0.6199200218808062,
  "coref_f1": 0.6513024181930039,
  "mention_recall": 0.9142156862745098,
  "loss": 1.5616669821631723
}