{
  "coref_precision": 0.7364871661824403,
  "coref_recall": 0.5929353007122057,
  "coref_f1": 0.6569606028894093,
  "mention_recall": 0.8834586466165414,
  "loss": 1.1924519530957816
}