{
  "coref_precision": 0.6897245271408795,
  "coref_recall": 0.575022351741212,
  "coref_f1": 0.6269943642200503,
  "mention_recall": 0.9026006881198138,
  "loss": 56.95979788610541
}