{
  "coref_precision": 0.6767262347400385,
  "coref_recall": 0.5559733987463761,
  "coref_f1": 0.6104350556158193,
  "mention_recall": 0.8796992481203008,
  "loss": 1.5431514970027749
}