{
  "coref_precision": 0.6886537167148924,
  "coref_recall": 0.5746388058441952,
  "coref_f1": 0.6263824243972484,
  "mention_recall": 0.8945557579437361,
  "loss": 51.60892413924171
}