{
  "coref_precision": 0.7129277339972839,
  "coref_recall": 0.6866149713950186,
  "coref_f1": 0.6995099048645979,
  "mention_recall": 0.9285714285714286,
  "loss": 1.20853988257679
}