{
  "coref_precision": 0.66113892856914,
  "coref_recall": 0.651276183874223,
  "coref_f1": 0.6561448814777385,
  "mention_recall": 0.9252450980392157,
  "loss": 1.5864773882752004
}