{
  "coref_precision": 0.5650071980560329,
  "coref_recall": 0.5609142236335217,
  "coref_f1": 0.5629285934669527,
  "mention_recall": 0.9250614250614251,
  "loss": 2.0592056076381016
}