{
  "coref_precision": 0.7716886148921308,
  "coref_recall": 0.7390571682083337,
  "coref_f1": 0.7550065447278302,
  "mention_recall": 0.9222082810539524,
  "loss": 0.9729054146574719
}