{
  "coref_precision": 0.750732367806994,
  "coref_recall": 0.6823641910444739,
  "coref_f1": 0.7149167640896827,
  "mention_recall": 0.9235588972431078,
  "loss": 0.9746291579196721
}