{
  "coref_precision": 0.7878275639723892,
  "coref_recall": 0.7661007248017054,
  "coref_f1": 0.7767191668205161,
  "mention_recall": 0.9301470588235294,
  "loss": 1.057940510578412
}