{
  "coref_precision": 0.44797760368405637,
  "coref_recall": 0.43472751060470366,
  "coref_f1": 0.4411523596150668,
  "mention_recall": 0.9275184275184275,
  "loss": 2.8082326040458825
}