{
  "coref_precision": 0.6921328090352429,
  "coref_recall": 0.5721904596697838,
  "coref_f1": 0.6262351816461907,
  "mention_recall": 0.904320987654321,
  "loss": 55.294613839487745
}