{
  "coref_precision": 0.619075773406511,
  "coref_recall": 0.5124660706171954,
  "coref_f1": 0.5607486815347321,
  "mention_recall": 0.8833124215809285,
  "loss": 1.4283494453332182
}