{
  "coref_precision": 0.6347656710429305,
  "coref_recall": 0.5552378135711469,
  "coref_f1": 0.5923384906050307,
  "mention_recall": 0.9164619164619164,
  "loss": 1.2789817498378488
}