{
  "coref_precision": 0.6058939819181884,
  "coref_recall": 0.5367196120872592,
  "coref_f1": 0.5692049135576535,
  "mention_recall": 0.9178921568627451,
  "loss": 1.4838811633276099
}