{
  "coref_precision": 0.8024247394745982,
  "coref_recall": 0.5419115027127596,
  "coref_f1": 0.6469258176080374,
  "mention_recall": 0.8847117794486216,
  "loss": 0.9652791934855002
}