{
  "coref_precision": 0.6492757943085633,
  "coref_recall": 0.457781298942042,
  "coref_f1": 0.5369629419487872,
  "mention_recall": 0.8883312421580929,
  "loss": 1.3715013160661171
}