{
  "coref_precision": 0.6887803204786097,
  "coref_recall": 0.5794941231701722,
  "coref_f1": 0.6292853921770999,
  "mention_recall": 0.9064966605950212,
  "loss": 53.68919335553107
}