{
  "coref_precision": 0.6702807277871351,
  "coref_recall": 0.6290201342832922,
  "coref_f1": 0.6489794450940062,
  "mention_recall": 0.9398034398034398,
  "loss": 1.2538579429967511
}