{
  "coref_precision": 0.7006968035217335,
  "coref_recall": 0.5732488738083354,
  "coref_f1": 0.6303748706883283,
  "mention_recall": 0.905940093098563,
  "loss": 54.71724197258249
}