{
  "coref_precision": 0.8812238956087275,
  "coref_recall": 0.7958271706637619,
  "coref_f1": 0.8363511734525129,
  "mention_recall": 0.9259723964868256,
  "loss": 0.5568878811398996
}