{
  "coref_precision": 0.651258811484789,
  "coref_recall": 0.5857604587376778,
  "coref_f1": 0.6167750809313138,
  "mention_recall": 0.9197994987468672,
  "loss": 1.4212956373229026
}