{
  "coref_precision": 0.7996407915647848,
  "coref_recall": 0.718304190363014,
  "coref_f1": 0.75679179978383,
  "mention_recall": 0.9350490196078431,
  "loss": 0.9398019490102186
}