{
  "coref_precision": 0.6957847584339963,
  "coref_recall": 0.5757434344444033,
  "coref_f1": 0.6298472788300712,
  "mention_recall": 0.9047763610605141,
  "loss": 56.68722584141698
}