{
  "coref_precision": 0.6470347878242616,
  "coref_recall": 0.586440384234502,
  "coref_f1": 0.615229617567031,
  "mention_recall": 0.9240196078431373,
  "loss": 1.5656757734356632
}