{
  "coref_precision": 0.772055637758907,
  "coref_recall": 0.6877746529749672,
  "coref_f1": 0.7274815798003179,
  "mention_recall": 0.9035087719298246,
  "loss": 0.997888282856022
}