{
  "coref_precision": 0.6115533789465821,
  "coref_recall": 0.5571030759627251,
  "coref_f1": 0.5830559184862052,
  "mention_recall": 0.9275184275184275,
  "loss": 1.7933593474302354
}