{
  "coref_precision": 0.6884528920257152,
  "coref_recall": 0.5756064743258182,
  "coref_f1": 0.6268286910549997,
  "mention_recall": 0.9005768063145112,
  "loss": 52.968138174760696
}