{
  "coref_precision": 0.7647735187026891,
  "coref_recall": 0.6562964682171281,
  "coref_f1": 0.7063875110381191,
  "mention_recall": 0.8847117794486216,
  "loss": 0.9586331226443237
}