{
  "coref_precision": 0.5768737124479422,
  "coref_recall": 0.5204791314440437,
  "coref_f1": 0.547227070774139,
  "mention_recall": 0.9164619164619164,
  "loss": 1.8866563464959534
}