{
  "coref_precision": 0.7554387772684197,
  "coref_recall": 0.6215208364945378,
  "coref_f1": 0.6819675544998806,
  "mention_recall": 0.9084065244667503,
  "loss": 0.9810520094655405
}