{
  "coref_precision": 0.6517610224650635,
  "coref_recall": 0.5751681733299381,
  "coref_f1": 0.6110637634135213,
  "mention_recall": 0.9068627450980392,
  "loss": 1.5244642493881884
}