{
  "coref_precision": 0.7630563204027979,
  "coref_recall": 0.6639347123280014,
  "coref_f1": 0.710025396419606,
  "mention_recall": 0.8933500627352572,
  "loss": 0.9795413727964105
}