{
  "coref_precision": 0.5220392180247427,
  "coref_recall": 0.4517834487721893,
  "coref_f1": 0.48437476516829553,
  "mention_recall": 0.8809523809523809,
  "loss": 2.064986023195612
}