{
  "coref_precision": 0.6908524360351479,
  "coref_recall": 0.5793138860247544,
  "coref_f1": 0.6299728056261763,
  "mention_recall": 0.9001214329083181,
  "loss": 51.84953209123141
}