{
  "coref_precision": 0.6719990368680767,
  "coref_recall": 0.6418666962395688,
  "coref_f1": 0.6565872847064437,
  "mention_recall": 0.9160401002506265,
  "loss": 1.451164101180209
}