{
  "coref_precision": 0.7060549956435521,
  "coref_recall": 0.6754036631487613,
  "coref_f1": 0.6903882598950997,
  "mention_recall": 0.946078431372549,
  "loss": 1.3134925543132028
}