{
  "coref_precision": 0.5864353084100457,
  "coref_recall": 0.5648270279849226,
  "coref_f1": 0.5754281329173575,
  "mention_recall": 0.9434889434889435,
  "loss": 1.8327916762119096
}