{
  "coref_precision": 0.7350211500326989,
  "coref_recall": 0.6964616881936193,
  "coref_f1": 0.7152208897370468,
  "mention_recall": 0.9196988707653702,
  "loss": 1.2049053936669114
}