{
  "coref_precision": 0.6839148446685118,
  "coref_recall": 0.5816247844339419,
  "coref_f1": 0.6284807936046393,
  "mention_recall": 0.9039162112932605,
  "loss": 54.51514608501723
}