{
  "coref_precision": 0.5712957837677727,
  "coref_recall": 0.5263216565848144,
  "coref_f1": 0.5478838116485832,
  "mention_recall": 0.9226044226044227,
  "loss": 2.0809112216761245
}