{
  "coref_precision": 0.6986048946149345,
  "coref_recall": 0.6522743777645738,
  "coref_f1": 0.6746436860931312,
  "mention_recall": 0.9264705882352942,
  "loss": 1.3432894973560983
}