{
  "coref_precision": 0.6993729571330555,
  "coref_recall": 0.5946359566940872,
  "coref_f1": 0.6427642852193926,
  "mention_recall": 0.8922305764411027,
  "loss": 1.3302141006804533
}