{
  "coref_precision": 0.7524225554871995,
  "coref_recall": 0.640554939617822,
  "coref_f1": 0.6919961056971844,
  "mention_recall": 0.8946047678795483,
  "loss": 0.9404592809321904
}