{
  "coref_precision": 0.6838835232904353,
  "coref_recall": 0.5810919585675083,
  "coref_f1": 0.6281367673295853,
  "mention_recall": 0.9045739728799838,
  "loss": 53.691632867270236
}