{
  "coref_precision": 0.5979121404761911,
  "coref_recall": 0.5644239429778647,
  "coref_f1": 0.5805673673567887,
  "mention_recall": 0.9178921568627451,
  "loss": 1.6829583892189421
}