{
  "coref_precision": 0.7531467329696785,
  "coref_recall": 0.6972852321835573,
  "coref_f1": 0.7240314211814628,
  "mention_recall": 0.9121706398996235,
  "loss": 0.9967289030863307
}