{
  "coref_precision": 0.6034459799937225,
  "coref_recall": 0.5704453770243244,
  "coref_f1": 0.5863892551143418,
  "mention_recall": 0.9164619164619164,
  "loss": 1.809297902189979
}