{
  "coref_precision": 0.7357729621176786,
  "coref_recall": 0.6853398100255917,
  "coref_f1": 0.7095309263548795,
  "mention_recall": 0.9097744360902256,
  "loss": 1.0406942443359768
}