{
  "coref_precision": 0.6922237213184904,
  "coref_recall": 0.569680625901488,
  "coref_f1": 0.6247733770272897,
  "mention_recall": 0.8953147136207246,
  "loss": 50.43730186944795
}