{
  "coref_precision": 0.5827878989441149,
  "coref_recall": 0.5206914649897106,
  "coref_f1": 0.5499888731242799,
  "mention_recall": 0.914004914004914,
  "loss": 1.6366836394436912
}