{
  "coref_precision": 0.7299335283857579,
  "coref_recall": 0.5997675951525127,
  "coref_f1": 0.6584791674376713,
  "mention_recall": 0.8834586466165414,
  "loss": 1.0312242389022765
}