{
  "coref_precision": 0.8002223810866766,
  "coref_recall": 0.6664153418948521,
  "coref_f1": 0.7272149215637413,
  "mention_recall": 0.8883312421580929,
  "loss": 0.7961495433702294
}