{
  "coref_precision": 0.6383184779659952,
  "coref_recall": 0.5680759509190882,
  "coref_f1": 0.6011421257571162,
  "mention_recall": 0.9129901960784313,
  "loss": 1.3025382360059794
}