{
  "coref_precision": 0.6981612112382475,
  "coref_recall": 0.5687654416112485,
  "coref_f1": 0.6266486445874265,
  "mention_recall": 0.9032078526614046,
  "loss": 52.35722347960309
}