{
  "coref_precision": 0.6716794110949985,
  "coref_recall": 0.6124095353212923,
  "coref_f1": 0.6406759202120139,
  "mention_recall": 0.9260651629072681,
  "loss": 1.257351823449364
}