{
  "coref_precision": 0.7004238406348257,
  "coref_recall": 0.6632176102764339,
  "coref_f1": 0.6813130833951604,
  "mention_recall": 0.9436274509803921,
  "loss": 1.1750841085941517
}