{
  "coref_precision": 0.5647610476276275,
  "coref_recall": 0.5323497740164406,
  "coref_f1": 0.5480755255840409,
  "mention_recall": 0.9385749385749386,
  "loss": 1.8439165875411392
}