{
  "coref_precision": 0.8203124642317197,
  "coref_recall": 0.749045234882242,
  "coref_f1": 0.7830605271878062,
  "mention_recall": 0.9234629861982434,
  "loss": 0.7105481952112118
}