{
  "coref_precision": 0.6992220025119472,
  "coref_recall": 0.5768831570501987,
  "coref_f1": 0.6319909895148781,
  "mention_recall": 0.9058894960534305,
  "loss": 52.45664170796009
}