{
  "coref_precision": 0.502244050053664,
  "coref_recall": 0.4449340887937379,
  "coref_f1": 0.47185418559201303,
  "mention_recall": 0.9176904176904177,
  "loss": 2.0171103603362655
}