{
  "coref_precision": 0.6539416352820833,
  "coref_recall": 0.5434501752647863,
  "coref_f1": 0.5935979876347943,
  "mention_recall": 0.9085213032581454,
  "loss": 1.4021306586000648
}