{
  "coref_precision": 0.8457421656632392,
  "coref_recall": 0.7302755778007421,
  "coref_f1": 0.783778204608041,
  "mention_recall": 0.9134253450439147,
  "loss": 0.7948678486184623
}