{
  "coref_precision": 0.7492478195091739,
  "coref_recall": 0.6647205599411482,
  "coref_f1": 0.7044552204041966,
  "mention_recall": 0.9203431372549019,
  "loss": 1.0063087066746814
}