{
  "coref_precision": 0.7680946996950696,
  "coref_recall": 0.6625404370502409,
  "coref_f1": 0.7114134700168773,
  "mention_recall": 0.9203431372549019,
  "loss": 0.9516944095113204
}