{
  "coref_precision": 0.5343473796029822,
  "coref_recall": 0.4055066935140253,
  "coref_f1": 0.4610956574505261,
  "mention_recall": 0.9060150375939849,
  "loss": 2.2094377882167895
}