{
  "coref_precision": 0.6909444376364555,
  "coref_recall": 0.5746075386184851,
  "coref_f1": 0.6272834802168191,
  "mention_recall": 0.8942521756729407,
  "loss": 53.15898186305803
}