{
  "coref_precision": 0.6865098242876905,
  "coref_recall": 0.5798771864649007,
  "coref_f1": 0.6285820910770091,
  "mention_recall": 0.8960230722525805,
  "loss": 52.379776244282915
}