{
  "coref_precision": 0.6649070894168934,
  "coref_recall": 0.6245560525935497,
  "coref_f1": 0.6440973655291132,
  "mention_recall": 0.9222082810539524,
  "loss": 1.4715734282500041
}