{
  "coref_precision": 0.6373837700184094,
  "coref_recall": 0.5995735670650569,
  "coref_f1": 0.6178991354074225,
  "mention_recall": 0.9235588972431078,
  "loss": 1.7691251351155528
}