{
  "coref_precision": 0.5106178069268591,
  "coref_recall": 0.45333104236613003,
  "coref_f1": 0.48027066030558485,
  "mention_recall": 0.918918918918919,
  "loss": 2.261682374955852
}