{
  "coref_precision": 0.7595118185269172,
  "coref_recall": 0.6283056314085379,
  "coref_f1": 0.6877039575934356,
  "mention_recall": 0.8884711779448622,
  "loss": 1.0165420850534739
}