{
  "coref_precision": 0.7155718654736302,
  "coref_recall": 0.6393713040771863,
  "coref_f1": 0.6753250786200775,
  "mention_recall": 0.9142156862745098,
  "loss": 1.1896404571406851
}