{
  "coref_precision": 0.8034129785880956,
  "coref_recall": 0.6782498877558437,
  "coref_f1": 0.735534440140472,
  "mention_recall": 0.8996235884567126,
  "loss": 0.8370552937381218
}