{
  "coref_precision": 0.6571726607238407,
  "coref_recall": 0.6295537659508247,
  "coref_f1": 0.6430665035727982,
  "mention_recall": 0.9411764705882353,
  "loss": 1.5580458805723612
}