{
  "coref_precision": 0.606343313127618,
  "coref_recall": 0.5802099946836788,
  "coref_f1": 0.5929888614560329,
  "mention_recall": 0.9422604422604423,
  "loss": 1.9006040538441433
}