{
  "coref_precision": 0.6901255681897047,
  "coref_recall": 0.5839228221533975,
  "coref_f1": 0.6323945791315649,
  "mention_recall": 0.902701882210079,
  "loss": 51.57865054212877
}