{
  "coref_precision": 0.6240176632905811,
  "coref_recall": 0.5721791325957991,
  "coref_f1": 0.5969689296579356,
  "mention_recall": 0.928921568627451,
  "loss": 1.3490751384734638
}