{
  "coref_precision": 0.7805728265994482,
  "coref_recall": 0.6492148130011445,
  "coref_f1": 0.7088593521762446,
  "mention_recall": 0.9035087719298246,
  "loss": 0.9441259041640888
}