{
  "coref_precision": 0.8087477647698882,
  "coref_recall": 0.6723063167124751,
  "coref_f1": 0.7342419177150165,
  "mention_recall": 0.903387703889586,
  "loss": 0.7594008436217291
}