{
  "coref_precision": 0.5875547016401489,
  "coref_recall": 0.5407183556306362,
  "coref_f1": 0.5631642677374615,
  "mention_recall": 0.9262899262899262,
  "loss": 1.7084533964803132
}