{
  "coref_precision": 0.6945502334992465,
  "coref_recall": 0.5669656885888715,
  "coref_f1": 0.6239992676159817,
  "mention_recall": 0.9058894960534305,
  "loss": 53.452081600268336
}