{
  "coref_precision": 0.7019503778578148,
  "coref_recall": 0.5709288168436674,
  "coref_f1": 0.6295049421216827,
  "mention_recall": 0.9049787492410444,
  "loss": 50.8898377095954
}