{
  "coref_precision": 0.7868366612226261,
  "coref_recall": 0.7130629356119553,
  "coref_f1": 0.7481344486129339,
  "mention_recall": 0.9178921568627451,
  "loss": 0.7719266860662688
}