{
  "coref_precision": 0.5729748186086213,
  "coref_recall": 0.5131464711328549,
  "coref_f1": 0.5414127239389871,
  "mention_recall": 0.9072681704260651,
  "loss": 1.5573181683406414
}