{
  "coref_precision": 0.7787752051626297,
  "coref_recall": 0.7320651071876564,
  "coref_f1": 0.7546956845540015,
  "mention_recall": 0.946078431372549,
  "loss": 0.8689734022977651
}