{
  "coref_precision": 0.777673787907413,
  "coref_recall": 0.6937248616099638,
  "coref_f1": 0.7333044511259142,
  "mention_recall": 0.9121706398996235,
  "loss": 0.8238651944421062
}