{
  "coref_precision": 0.45594694942649233,
  "coref_recall": 0.4156253542218454,
  "coref_f1": 0.43485345143113924,
  "mention_recall": 0.9250614250614251,
  "loss": 2.420977230430483
}