{
  "coref_precision": 0.8257530352788973,
  "coref_recall": 0.7249948198651565,
  "coref_f1": 0.7721004969214041,
  "mention_recall": 0.9021329987452948,
  "loss": 0.6833006104123875
}