{
  "coref_precision": 0.47231951596771404,
  "coref_recall": 0.4493787647296419,
  "coref_f1": 0.4605635445907208,
  "mention_recall": 0.9471744471744472,
  "loss": 2.1712898961982727
}