{
  "coref_precision": 0.4836378442499882,
  "coref_recall": 0.43406096148960777,
  "coref_f1": 0.4575101284598655,
  "mention_recall": 0.9110275689223057,
  "loss": 2.0341241639009304
}