{
  "coref_precision": 0.6955068607573706,
  "coref_recall": 0.565145335370152,
  "coref_f1": 0.6233470158090516,
  "mention_recall": 0.9053329285569722,
  "loss": 53.002644458520706
}