{
  "coref_precision": 0.6624247423669533,
  "coref_recall": 0.5805299139857963,
  "coref_f1": 0.6187723816676588,
  "mention_recall": 0.9215686274509803,
  "loss": 1.322973902919146
}