{
  "coref_precision": 0.7294202165932284,
  "coref_recall": 0.6090915766223439,
  "coref_f1": 0.6638446961551545,
  "mention_recall": 0.893483709273183,
  "loss": 1.03998190102733
}