{
  "coref_precision": 0.8023493834087391,
  "coref_recall": 0.6656209723779978,
  "coref_f1": 0.7276152791459355,
  "mention_recall": 0.8920953575909661,
  "loss": 0.8186408926482677
}