{
  "coref_precision": 0.5779657360641033,
  "coref_recall": 0.501462666813544,
  "coref_f1": 0.5369985804866637,
  "mention_recall": 0.9213759213759214,
  "loss": 1.7357071070483387
}