{
  "coref_precision": 0.6253488531757777,
  "coref_recall": 0.5590628507295173,
  "coref_f1": 0.5903389109339474,
  "mention_recall": 0.9164619164619164,
  "loss": 1.5871760058994047
}