{
  "coref_precision": 0.5767369134281539,
  "coref_recall": 0.5170481660677739,
  "coref_f1": 0.5452519042365398,
  "mention_recall": 0.9166666666666666,
  "loss": 1.6361926056999019
}