{
  "coref_precision": 0.6976664133886956,
  "coref_recall": 0.5740505810619925,
  "coref_f1": 0.6296836277278873,
  "mention_recall": 0.9057883019631654,
  "loss": 54.406595632558
}