{
  "coref_precision": 0.7658389311512083,
  "coref_recall": 0.6181209868901711,
  "coref_f1": 0.6840947241383123,
  "mention_recall": 0.8971141781681304,
  "loss": 0.9585452778004568
}