{
  "coref_precision": 0.5609854621299379,
  "coref_recall": 0.5017041363532591,
  "coref_f1": 0.5296902831565922,
  "mention_recall": 0.9103194103194103,
  "loss": 1.9015243278761143
}