{
  "coref_precision": 0.6717151613735317,
  "coref_recall": 0.5960698841826293,
  "coref_f1": 0.631630414002033,
  "mention_recall": 0.9031862745098039,
  "loss": 1.2562364240094142
}