{
  "coref_precision": 0.7176193130391154,
  "coref_recall": 0.6012936949562606,
  "coref_f1": 0.654319549734805,
  "mention_recall": 0.863237139272271,
  "loss": 1.1140314723431075
}