{
  "coref_precision": 0.6434389094419757,
  "coref_recall": 0.536824743148388,
  "coref_f1": 0.5853162322332189,
  "mention_recall": 0.8646616541353384,
  "loss": 1.4421779792362102
}