{
  "coref_precision": 0.6924674885571532,
  "coref_recall": 0.576281722448429,
  "coref_f1": 0.6287532768509072,
  "mention_recall": 0.8976927747419551,
  "loss": 56.82957696514562
}