{
  "coref_precision": 0.6862182856601101,
  "coref_recall": 0.5811404572273847,
  "coref_f1": 0.6292180826821178,
  "mention_recall": 0.9042197935640559,
  "loss": 53.64466706081812
}