{
  "coref_precision": 0.6181322149777607,
  "coref_recall": 0.5557712417361541,
  "coref_f1": 0.5852953240626609,
  "mention_recall": 0.9152334152334153,
  "loss": 1.6836704181356648
}