{
  "coref_precision": 0.6871898388758417,
  "coref_recall": 0.5780146185199267,
  "coref_f1": 0.6278879194904666,
  "mention_recall": 0.875784190715182,
  "loss": 1.2013079042668666
}