{
  "coref_precision": 0.5948478013881976,
  "coref_recall": 0.5425909162751268,
  "coref_f1": 0.5675149730629651,
  "mention_recall": 0.9090909090909091,
  "loss": 1.6446570198585422
}