{
  "coref_precision": 0.6221753715252305,
  "coref_recall": 0.5623645417763066,
  "coref_f1": 0.5907584624565273,
  "mention_recall": 0.9068627450980392,
  "loss": 1.4459903380516135
}