{
  "coref_precision": 0.7786515140024544,
  "coref_recall": 0.6781126833365639,
  "coref_f1": 0.7249055147484101,
  "mention_recall": 0.8959899749373433,
  "loss": 0.8337364510115963
}