{
  "coref_precision": 0.7000622759534579,
  "coref_recall": 0.5849804104713767,
  "coref_f1": 0.6373607285113403,
  "mention_recall": 0.8771929824561403,
  "loss": 1.1583193364364281
}