{
  "coref_precision": 0.7150293748927471,
  "coref_recall": 0.6172843329555534,
  "coref_f1": 0.6625642900762166,
  "mention_recall": 0.903387703889586,
  "loss": 1.168196233733552
}