{
  "coref_precision": 0.6219692241315,
  "coref_recall": 0.5506482306727404,
  "coref_f1": 0.5841382341092834,
  "mention_recall": 0.9080882352941176,
  "loss": 1.5159726070307857
}