{
  "coref_precision": 0.6937098742981984,
  "coref_recall": 0.5761586429671054,
  "coref_f1": 0.62920186907464,
  "mention_recall": 0.9044727787897187,
  "loss": 52.10491182328732
}