{
  "coref_precision": 0.6974595456371594,
  "coref_recall": 0.5765847646383495,
  "coref_f1": 0.6311797517964853,
  "mention_recall": 0.9029548674357417,
  "loss": 51.11325919358916
}