{
  "coref_precision": 0.8094931529528165,
  "coref_recall": 0.7499527841439607,
  "coref_f1": 0.7785863153638228,
  "mention_recall": 0.928921568627451,
  "loss": 0.7792018252956114
}