{
  "coref_precision": 0.43389055786561465,
  "coref_recall": 0.3988362023449743,
  "coref_f1": 0.4156244874247978,
  "mention_recall": 0.9213759213759214,
  "loss": 2.1367091247569245
}