{
  "coref_precision": 0.772936708223984,
  "coref_recall": 0.7326741386790409,
  "coref_f1": 0.7522650568716438,
  "mention_recall": 0.9191176470588235,
  "loss": 0.874885902014219
}