{
  "coref_precision": 0.5081942787007998,
  "coref_recall": 0.46318833983798635,
  "coref_f1": 0.48464781418613684,
  "mention_recall": 0.9160401002506265,
  "loss": 2.6259412888003184
}