{
  "coref_precision": 0.8486535631165152,
  "coref_recall": 0.7655765938351508,
  "coref_f1": 0.8049772226623824,
  "mention_recall": 0.9109159347553325,
  "loss": 0.677457087513479
}