{
  "coref_precision": 0.4078393649267598,
  "coref_recall": 0.38952533075340096,
  "coref_f1": 0.39847067180905515,
  "mention_recall": 0.9250614250614251,
  "loss": 2.876783607557358
}