{
  "coref_precision": 0.6980746562803702,
  "coref_recall": 0.5726548452336223,
  "coref_f1": 0.6288478243846849,
  "mention_recall": 0.901183970856102,
  "loss": 52.530086018383265
}