{
  "coref_precision": 0.5593311610358429,
  "coref_recall": 0.4810685087000876,
  "coref_f1": 0.5172514305194778,
  "mention_recall": 0.9041769041769042,
  "loss": 2.0853276362163915
}