{
  "coref_precision": 0.7731487216967294,
  "coref_recall": 0.626014339204965,
  "coref_f1": 0.691844881520408,
  "mention_recall": 0.8759398496240601,
  "loss": 0.9173109739848408
}