{
  "coref_precision": 0.6812802138037456,
  "coref_recall": 0.6012108715540089,
  "coref_f1": 0.6387408871487509,
  "mention_recall": 0.9129901960784313,
  "loss": 1.2836293428979675
}