{
  "coref_precision": 0.816873566488428,
  "coref_recall": 0.6807370393726804,
  "coref_f1": 0.7426167101055253,
  "mention_recall": 0.8833124215809285,
  "loss": 0.6888599938197704
}