{
  "coref_precision": 0.7517972658152909,
  "coref_recall": 0.5958697616544844,
  "coref_f1": 0.6648118416602606,
  "mention_recall": 0.8858218318695107,
  "loss": 0.9655228766989112
}