{
  "coref_precision": 0.7015850057152914,
  "coref_recall": 0.569393313326199,
  "coref_f1": 0.6283165107548766,
  "mention_recall": 0.9044727787897187,
  "loss": 50.862399648739846
}