{
  "coref_precision": 0.689678816157231,
  "coref_recall": 0.5817328148837798,
  "coref_f1": 0.631001586534215,
  "mention_recall": 0.901993523578223,
  "loss": 54.78855451921845
}