{
  "coref_precision": 0.7632241119356608,
  "coref_recall": 0.6612502459826589,
  "coref_f1": 0.7085864488779885,
  "mention_recall": 0.9196988707653702,
  "loss": 0.9993027211823592
}