{
  "coref_precision": 0.6662309245701307,
  "coref_recall": 0.6150856279096656,
  "coref_f1": 0.6396370763345246,
  "mention_recall": 0.9110275689223057,
  "loss": 2.0235005418653613
}