{
  "coref_precision": 0.569099630429187,
  "coref_recall": 0.5482299684054069,
  "coref_f1": 0.5584697404878419,
  "mention_recall": 0.9434889434889435,
  "loss": 1.8420502818706963
}