{
  "coref_precision": 0.647217966954809,
  "coref_recall": 0.6025010846089277,
  "coref_f1": 0.6240581493792041,
  "mention_recall": 0.9227941176470589,
  "loss": 1.8721517493122002
}