{
  "coref_precision": 0.734593898404383,
  "coref_recall": 0.6551831769231612,
  "coref_f1": 0.6926192670841633,
  "mention_recall": 0.9223057644110275,
  "loss": 1.0767796643866483
}