{
  "coref_precision": 0.5838145077045441,
  "coref_recall": 0.5465212421352771,
  "coref_f1": 0.5645526000405402,
  "mention_recall": 0.9287469287469288,
  "loss": 2.399114795867635
}