{
  "coref_precision": 0.6911315251551037,
  "coref_recall": 0.6271295231606185,
  "coref_f1": 0.6575754188903894,
  "mention_recall": 0.9121706398996235,
  "loss": 1.8521034766489999
}