{
  "coref_precision": 0.6688282540122268,
  "coref_recall": 0.6390744513293533,
  "coref_f1": 0.6536126380592375,
  "mention_recall": 0.9448529411764706,
  "loss": 1.397111574835435
}