{
  "coref_precision": 0.689305910344372,
  "coref_recall": 0.573305899754779,
  "coref_f1": 0.6257611692883559,
  "mention_recall": 0.9047763610605141,
  "loss": 58.280497986357155
}