{
  "coref_precision": 0.6927538515826747,
  "coref_recall": 0.5723009562954575,
  "coref_f1": 0.6267898616920717,
  "mention_recall": 0.87468671679198,
  "loss": 1.1261670629794143
}