{
  "coref_precision": 0.7648146138972257,
  "coref_recall": 0.6374102817132633,
  "coref_f1": 0.6953235393367733,
  "mention_recall": 0.877038895859473,
  "loss": 0.8949687334335716
}