{
  "coref_precision": 0.5348885065542072,
  "coref_recall": 0.45762584753812824,
  "coref_f1": 0.4932457702830311,
  "mention_recall": 0.8955773955773956,
  "loss": 2.2561572618795105
}