{
  "coref_precision": 0.7054623981914538,
  "coref_recall": 0.583366696847089,
  "coref_f1": 0.6386129032856457,
  "mention_recall": 0.8897058823529411,
  "loss": 1.2552334230909952
}