{
  "coref_precision": 0.6904869050590136,
  "coref_recall": 0.5726853235563075,
  "coref_f1": 0.6258191622983293,
  "mention_recall": 0.9042703906091885,
  "loss": 58.02743659829373
}