{
  "coref_precision": 0.6985583891031846,
  "coref_recall": 0.5868181165529077,
  "coref_f1": 0.6378189728507287,
  "mention_recall": 0.8996235884567126,
  "loss": 1.2976099947489692
}