{
  "coref_precision": 0.6872019878203409,
  "coref_recall": 0.6222279399975479,
  "coref_f1": 0.6530978301006201,
  "mention_recall": 0.9142156862745098,
  "loss": 1.4552259600235684
}