{
  "coref_precision": 0.6958768130364227,
  "coref_recall": 0.5748972871358468,
  "coref_f1": 0.629427624692018,
  "mention_recall": 0.9046245699251164,
  "loss": 54.85285071296592
}