{
  "coref_precision": 0.7509321703561835,
  "coref_recall": 0.600843972968946,
  "coref_f1": 0.6675558269485146,
  "mention_recall": 0.890840652446675,
  "loss": 1.0266047879756455
}