{
  "coref_precision": 0.5640459098867298,
  "coref_recall": 0.4867421648123402,
  "coref_f1": 0.5225464416804652,
  "mention_recall": 0.9090909090909091,
  "loss": 1.8014923445670517
}