{
  "coref_precision": 0.7046662644659877,
  "coref_recall": 0.5477755050221665,
  "coref_f1": 0.6163895939995251,
  "mention_recall": 0.8834586466165414,
  "loss": 1.240604451047581
}