{
  "coref_precision": 0.7017894672654666,
  "coref_recall": 0.6026089560403286,
  "coref_f1": 0.6484252304594874,
  "mention_recall": 0.9044117647058824,
  "loss": 1.0475889179339546
}