{
  "coref_precision": 0.6950741399667703,
  "coref_recall": 0.577055158646735,
  "coref_f1": 0.6304455748897256,
  "mention_recall": 0.9062436753693585,
  "loss": 54.14466031953659
}