{
  "coref_precision": 0.5439864208347017,
  "coref_recall": 0.49915058599269124,
  "coref_f1": 0.5206002253113434,
  "mention_recall": 0.914004914004914,
  "loss": 2.0097905010056407
}