{
  "coref_precision": 0.6975787574133374,
  "coref_recall": 0.5676917866479546,
  "coref_f1": 0.6256163124886865,
  "mention_recall": 0.9033596437968022,
  "loss": 56.26971040720832
}