{
  "coref_precision": 0.5514246067303862,
  "coref_recall": 0.5040701387192614,
  "coref_f1": 0.5266821831772066,
  "mention_recall": 0.9312039312039312,
  "loss": 2.1474348526575375
}