{
  "coref_precision": 0.668237761902124,
  "coref_recall": 0.6117734888568221,
  "coref_f1": 0.6387583160231273,
  "mention_recall": 0.9276960784313726,
  "loss": 1.5626593136148723
}