{
  "coref_precision": 0.6273861075160426,
  "coref_recall": 0.547113512209087,
  "coref_f1": 0.5845065310518652,
  "mention_recall": 0.8959899749373433,
  "loss": 1.5666016940785765
}