{
  "coref_precision": 0.720921452609026,
  "coref_recall": 0.6220534003423862,
  "coref_f1": 0.6678475001675842,
  "mention_recall": 0.9008782936010038,
  "loss": 1.2827251399339363
}