{
  "coref_precision": 0.6915472700019768,
  "coref_recall": 0.5712071155377424,
  "coref_f1": 0.6254405160255456,
  "mention_recall": 0.9049281521959117,
  "loss": 54.987658302947324
}