{
  "coref_precision": 0.7242183595876169,
  "coref_recall": 0.6593667180676985,
  "coref_f1": 0.6902723932230824,
  "mention_recall": 0.9276960784313726,
  "loss": 1.1696201457682502
}