{
  "coref_precision": 0.7009888230573688,
  "coref_recall": 0.6053606300791428,
  "coref_f1": 0.6496737596976909,
  "mention_recall": 0.893483709273183,
  "loss": 1.1437645537827297
}