{
  "coref_precision": 0.8260711706077855,
  "coref_recall": 0.7070668217061957,
  "coref_f1": 0.7619494726928614,
  "mention_recall": 0.8996235884567126,
  "loss": 0.7342047083924244
}