{
  "coref_precision": 0.5170431239545984,
  "coref_recall": 0.46802413030483203,
  "coref_f1": 0.4913138083928801,
  "mention_recall": 0.9287469287469288,
  "loss": 2.3556676338892735
}