{
  "coref_precision": 0.5555903880805753,
  "coref_recall": 0.5327558077558077,
  "coref_f1": 0.5439282851537276,
  "mention_recall": 0.9238329238329238,
  "loss": 2.031055096296695
}