{
  "coref_precision": 0.6904669270083982,
  "coref_recall": 0.5774878804866664,
  "coref_f1": 0.6287268317166604,
  "mention_recall": 0.9041185994737907,
  "loss": 56.41382107334633
}