{
  "coref_precision": 0.7576551059825696,
  "coref_recall": 0.5910086639098489,
  "coref_f1": 0.6640360513339497,
  "mention_recall": 0.8920953575909661,
  "loss": 1.2976103458355883
}