{
  "coref_precision": 0.6950752237797495,
  "coref_recall": 0.5320513801464313,
  "coref_f1": 0.602732904871755,
  "mention_recall": 0.8909774436090225,
  "loss": 1.6014170129499383
}