{
  "coref_precision": 0.5176253718133045,
  "coref_recall": 0.4441117353398056,
  "coref_f1": 0.47804427631134816,
  "mention_recall": 0.8918918918918919,
  "loss": 2.5314824862433896
}