{
  "coref_precision": 0.7307391961687636,
  "coref_recall": 0.6257864004187533,
  "coref_f1": 0.6741995556570838,
  "mention_recall": 0.8958333333333334,
  "loss": 1.1641434897371905
}