{
  "coref_precision": 0.528193257359924,
  "coref_recall": 0.4915797832464499,
  "coref_f1": 0.5092145677590197,
  "mention_recall": 0.9250614250614251,
  "loss": 2.312642189424014
}