{
  "coref_precision": 0.6987850970574705,
  "coref_recall": 0.6656414754453971,
  "coref_f1": 0.6817977054637906,
  "mention_recall": 0.9264705882352942,
  "loss": 1.322850252246071
}