{
  "coref_precision": 0.6940190439784503,
  "coref_recall": 0.5778594597406621,
  "coref_f1": 0.6304757862652586,
  "mention_recall": 0.9054341226472374,
  "loss": 56.941851331842926
}