{
  "coref_precision": 0.6097486507420067,
  "coref_recall": 0.5524670726876609,
  "coref_f1": 0.5796783205187134,
  "mention_recall": 0.9044117647058824,
  "loss": 2.0216205320872023
}