{
  "coref_precision": 0.6383531361420652,
  "coref_recall": 0.5761226195436722,
  "coref_f1": 0.6056115176594767,
  "mention_recall": 0.9078624078624079,
  "loss": 1.6774954295920754
}