{
  "coref_precision": 0.6826968576711571,
  "coref_recall": 0.5842965702823113,
  "coref_f1": 0.6295633065784831,
  "mention_recall": 0.9041185994737907,
  "loss": 55.278578658099825
}