{
  "coref_precision": 0.6528458360805072,
  "coref_recall": 0.5985776297050807,
  "coref_f1": 0.6245341587508692,
  "mention_recall": 0.9215686274509803,
  "loss": 1.4927571378705584
}