{
  "coref_precision": 0.5791599921619244,
  "coref_recall": 0.5374183992605045,
  "coref_f1": 0.5575074472333057,
  "mention_recall": 0.9262899262899262,
  "loss": 1.8486364213934663
}