{
  "coref_precision": 0.7802723333005023,
  "coref_recall": 0.6988620919100103,
  "coref_f1": 0.737326741882326,
  "mention_recall": 0.9323308270676691,
  "loss": 1.0228416043249866
}