{
  "coref_precision": 0.8068943696748754,
  "coref_recall": 0.7193773615928705,
  "coref_f1": 0.760626545033515,
  "mention_recall": 0.9209535759096612,
  "loss": 0.8582424514116044
}