{
  "coref_precision": 0.6949308114168958,
  "coref_recall": 0.5815151900296841,
  "coref_f1": 0.6330184789364969,
  "mention_recall": 0.9038150172029954,
  "loss": 51.768783741196565
}