{
  "coref_precision": 0.6731609883913059,
  "coref_recall": 0.5939274633893644,
  "coref_f1": 0.631062233876453,
  "mention_recall": 0.8834586466165414,
  "loss": 1.201707318255057
}