{
  "coref_precision": 0.653237680733436,
  "coref_recall": 0.6225809094681644,
  "coref_f1": 0.6375395112975418,
  "mention_recall": 0.9387254901960784,
  "loss": 1.4118623686501652
}