{
  "coref_precision": 0.5659093920604846,
  "coref_recall": 0.5324107657440991,
  "coref_f1": 0.5486474570394014,
  "mention_recall": 0.9348894348894349,
  "loss": 1.8869596856162352
}