{
  "coref_precision": 0.707928361841622,
  "coref_recall": 0.6290240900922478,
  "coref_f1": 0.6661472135090993,
  "mention_recall": 0.8895859473023839,
  "loss": 1.0498855706532686
}