{
  "coref_precision": 0.6874348992205136,
  "coref_recall": 0.5753356445370422,
  "coref_f1": 0.626241463309737,
  "mention_recall": 0.9004250151791136,
  "loss": 56.785622387276106
}