{
  "coref_precision": 0.7220060239538156,
  "coref_recall": 0.6211958470341684,
  "coref_f1": 0.6678178314752231,
  "mention_recall": 0.8845671267252195,
  "loss": 1.3024938022964407
}