{
  "coref_precision": 0.8034410962787003,
  "coref_recall": 0.6674501061186057,
  "coref_f1": 0.7291590855812032,
  "mention_recall": 0.8759398496240601,
  "loss": 0.8975083995365359
}