{
  "coref_precision": 0.6253068694077203,
  "coref_recall": 0.5580337101170434,
  "coref_f1": 0.5897528278996228,
  "mention_recall": 0.9117647058823529,
  "loss": 1.7620941275446096
}