{
  "coref_precision": 0.6815169530266175,
  "coref_recall": 0.5793692262466811,
  "coref_f1": 0.6263050859123672,
  "mention_recall": 0.8947368421052632,
  "loss": 1.266992171719003
}