{
  "coref_precision": 0.7463042981834144,
  "coref_recall": 0.6474099673442909,
  "coref_f1": 0.6933464455587259,
  "mention_recall": 0.8958594730238394,
  "loss": 0.9574070413562599
}