{
  "coref_precision": 0.6957281336544942,
  "coref_recall": 0.5795538966322961,
  "coref_f1": 0.63221918851232,
  "mention_recall": 0.90153815017203,
  "loss": 52.58661770100649
}