{
  "coref_precision": 0.685412831593419,
  "coref_recall": 0.6388022380669439,
  "coref_f1": 0.6612865575658601,
  "mention_recall": 0.9350490196078431,
  "loss": 1.440715657121127
}