{
  "coref_precision": 0.7520022957947649,
  "coref_recall": 0.6654639576477754,
  "coref_f1": 0.7060913273247759,
  "mention_recall": 0.9047619047619048,
  "loss": 1.1811496066382392
}