{
  "coref_precision": 0.8163369991951196,
  "coref_recall": 0.710578451656747,
  "coref_f1": 0.7597950601735409,
  "mention_recall": 0.904642409033877,
  "loss": 0.8269371488316805
}