{
  "coref_precision": 0.5820266823821088,
  "coref_recall": 0.5422661098099694,
  "coref_f1": 0.5614424981924556,
  "mention_recall": 0.9373464373464373,
  "loss": 2.0214150345815587
}