{
  "coref_precision": 0.6849393498218251,
  "coref_recall": 0.5764704756174943,
  "coref_f1": 0.6259136750212115,
  "mention_recall": 0.9056871078729002,
  "loss": 54.818763059684365
}