{
  "coref_precision": 0.7447109244328053,
  "coref_recall": 0.6051323941543895,
  "coref_f1": 0.6677046220861572,
  "mention_recall": 0.8621553884711779,
  "loss": 0.8879766917016183
}