{
  "coref_precision": 0.600204198914071,
  "coref_recall": 0.5302320002074904,
  "coref_f1": 0.5630447794607168,
  "mention_recall": 0.9007352941176471,
  "loss": 1.485743212124077
}