{
  "coref_precision": 0.6287726172943404,
  "coref_recall": 0.5361627676011885,
  "coref_f1": 0.5787842150575796,
  "mention_recall": 0.877038895859473,
  "loss": 1.4868024918649885
}