{
  "coref_precision": 0.6516882902975133,
  "coref_recall": 0.5818925783838065,
  "coref_f1": 0.6148143289528656,
  "mention_recall": 0.9090909090909091,
  "loss": 1.2435025889651454
}