{
  "coref_precision": 0.6979415902787406,
  "coref_recall": 0.5729779706082,
  "coref_f1": 0.6290620264824098,
  "mention_recall": 0.901993523578223,
  "loss": 52.433352920571984
}