{
  "coref_precision": 0.758141097725364,
  "coref_recall": 0.6157615003386148,
  "coref_f1": 0.6795734017263867,
  "mention_recall": 0.9085213032581454,
  "loss": 0.9461894958060044
}