{
  "coref_precision": 0.6514911195804145,
  "coref_recall": 0.5887124041535806,
  "coref_f1": 0.6185051324522374,
  "mention_recall": 0.9178921568627451,
  "loss": 1.3560929315720196
}