{
  "coref_precision": 0.569673427629095,
  "coref_recall": 0.5161282095492622,
  "coref_f1": 0.5415728418407109,
  "mention_recall": 0.9201474201474201,
  "loss": 1.7173444402111688
}