{
  "coref_precision": 0.7018369465372838,
  "coref_recall": 0.5703121907068307,
  "coref_f1": 0.6290357270555839,
  "mention_recall": 0.9031066585711395,
  "loss": 52.88873399515508
}