{
  "coref_precision": 0.7126126113876358,
  "coref_recall": 0.6164806830222181,
  "coref_f1": 0.6610698446061561,
  "mention_recall": 0.8833124215809285,
  "loss": 1.231500248202316
}