{
  "coref_precision": 0.6565333973411628,
  "coref_recall": 0.5668045591389399,
  "coref_f1": 0.6083782706334607,
  "mention_recall": 0.8809523809523809,
  "loss": 1.4729747090737555
}