{
  "coref_precision": 0.5353101469126437,
  "coref_recall": 0.49045289878623216,
  "coref_f1": 0.511900420119522,
  "mention_recall": 0.9213759213759214,
  "loss": 2.126302025412595
}