{
  "coref_precision": 0.6976504192935983,
  "coref_recall": 0.6372713479331127,
  "coref_f1": 0.6660914178165537,
  "mention_recall": 0.9227941176470589,
  "loss": 1.3167083257629184
}