{
  "coref_precision": 0.6914693401499635,
  "coref_recall": 0.5802412096822985,
  "coref_f1": 0.6308143369308795,
  "mention_recall": 0.8978445658773527,
  "loss": 51.80893256297287
}