{
  "coref_precision": 0.7504978745341759,
  "coref_recall": 0.6278151240180504,
  "coref_f1": 0.6836963479742129,
  "mention_recall": 0.9159347553324969,
  "loss": 1.1421675428438083
}