{
  "coref_precision": 0.5625461510734918,
  "coref_recall": 0.5235631564578932,
  "coref_f1": 0.5423548856374916,
  "mention_recall": 0.9422604422604423,
  "loss": 2.1802870725576105
}