{
  "coref_precision": 0.6934298975062059,
  "coref_recall": 0.6383733459713853,
  "coref_f1": 0.6647632174161017,
  "mention_recall": 0.9399509803921569,
  "loss": 1.4711176180300911
}