{
  "coref_precision": 0.6571133055027177,
  "coref_recall": 0.559370475664008,
  "coref_f1": 0.6043112953303941,
  "mention_recall": 0.9147869674185464,
  "loss": 1.5058858151584606
}