{
  "coref_precision": 0.6553816468240946,
  "coref_recall": 0.5819161502985032,
  "coref_f1": 0.6164586108044826,
  "mention_recall": 0.9007352941176471,
  "loss": 1.603548950711945
}