{
  "coref_precision": 0.6933538806766313,
  "coref_recall": 0.5748520185074731,
  "coref_f1": 0.6283741695939961,
  "mention_recall": 0.903865614248128,
  "loss": 57.5748429647273
}