{
  "coref_precision": 0.6247455343322371,
  "coref_recall": 0.5472584151505719,
  "coref_f1": 0.5834270683036373,
  "mention_recall": 0.9117647058823529,
  "loss": 1.6826421188411518
}