{
  "coref_precision": 0.7434510348319409,
  "coref_recall": 0.6077354928101196,
  "coref_f1": 0.6687759542465024,
  "mention_recall": 0.8796992481203008,
  "loss": 0.992357334074702
}