{
  "coref_precision": 0.7556061006865423,
  "coref_recall": 0.6296647885965058,
  "coref_f1": 0.686910471964982,
  "mention_recall": 0.890840652446675,
  "loss": 1.124645081082737
}