{
  "coref_precision": 0.5866329317424926,
  "coref_recall": 0.5217182493498284,
  "coref_f1": 0.5522719940470402,
  "mention_recall": 0.9152334152334153,
  "loss": 1.9684633243823004
}