{
  "coref_precision": 0.6924969324041467,
  "coref_recall": 0.5717992248091157,
  "coref_f1": 0.6261654075864415,
  "mention_recall": 0.9005768063145112,
  "loss": 56.69237462362397
}