{
  "coref_precision": 0.6940688324898967,
  "coref_recall": 0.5679579827830974,
  "coref_f1": 0.6244711993506685,
  "mention_recall": 0.9021453147136207,
  "loss": 57.62898459951875
}