{
  "coref_precision": 0.6888786279206727,
  "coref_recall": 0.5836404285725618,
  "coref_f1": 0.6319076707036747,
  "mention_recall": 0.9071518193224593,
  "loss": 1.33229014450283
}