{
  "coref_precision": 0.6115353812469647,
  "coref_recall": 0.541952791217497,
  "coref_f1": 0.5746381512894905,
  "mention_recall": 0.9093137254901961,
  "loss": 1.5060491283274358
}