{
  "coref_precision": 0.6728289464863727,
  "coref_recall": 0.5468863311099498,
  "coref_f1": 0.6033543463053487,
  "mention_recall": 0.8759398496240601,
  "loss": 1.227234260738517
}