{
  "coref_precision": 0.6327558781200833,
  "coref_recall": 0.5428301455262239,
  "coref_f1": 0.5843386559397086,
  "mention_recall": 0.9093137254901961,
  "loss": 1.688708709282578
}