{
  "coref_precision": 0.5893160776633938,
  "coref_recall": 0.5160442739390108,
  "coref_f1": 0.5502432928690862,
  "mention_recall": 0.9078624078624079,
  "loss": 2.1042231934431928
}