{
  "coref_precision": 0.7091571370912847,
  "coref_recall": 0.5797539713023901,
  "coref_f1": 0.6379582383694795,
  "mention_recall": 0.8707653701380176,
  "loss": 1.1784320210360422
}