{
  "coref_precision": 0.6141230801321583,
  "coref_recall": 0.5391564211739649,
  "coref_f1": 0.5741885076641396,
  "mention_recall": 0.9017199017199017,
  "loss": 1.7136188477584244
}