{
  "coref_precision": 0.7223959345147285,
  "coref_recall": 0.6387962216713198,
  "coref_f1": 0.6780283138020806,
  "mention_recall": 0.9085213032581454,
  "loss": 1.1531433750884756
}