{
  "coref_precision": 0.5358700782105744,
  "coref_recall": 0.46978369916966406,
  "coref_f1": 0.5006528912998918,
  "mention_recall": 0.9201474201474201,
  "loss": 1.9458476335748602
}