{
  "coref_precision": 0.7298795953028363,
  "coref_recall": 0.6280329196275779,
  "coref_f1": 0.6751355139332481,
  "mention_recall": 0.9060150375939849,
  "loss": 1.1018748687899445
}