{
  "coref_precision": 0.713540676948987,
  "coref_recall": 0.6267482834884796,
  "coref_f1": 0.6673331526569551,
  "mention_recall": 0.9154411764705882,
  "loss": 1.2066235484158798
}