{
  "coref_precision": 0.7403017953081362,
  "coref_recall": 0.6261311635035123,
  "coref_f1": 0.678446779887346,
  "mention_recall": 0.9060150375939849,
  "loss": 1.1279780995043365
}