{
  "coref_precision": 0.5747064442878396,
  "coref_recall": 0.5281921101774042,
  "coref_f1": 0.5504677258714419,
  "mention_recall": 0.9240196078431373,
  "loss": 1.6711188748519596
}