{
  "coref_precision": 0.5529905722199232,
  "coref_recall": 0.4663150079048591,
  "coref_f1": 0.5059668812026475,
  "mention_recall": 0.9121706398996235,
  "loss": 1.7946229208453086
}