{
  "coref_precision": 0.6824235750073359,
  "coref_recall": 0.580390569464261,
  "coref_f1": 0.6271681977605269,
  "mention_recall": 0.8996154624569925,
  "loss": 53.45328231720687
}