{
  "coref_precision": 0.678659425077817,
  "coref_recall": 0.5543928480430181,
  "coref_f1": 0.6102640840184487,
  "mention_recall": 0.9235588972431078,
  "loss": 1.7741319962658693
}