{
  "coref_precision": 0.7150373386122836,
  "coref_recall": 0.5853779516246623,
  "coref_f1": 0.6437430945794635,
  "mention_recall": 0.9297365119196989,
  "loss": 1.5536753273664554
}