{
  "coref_precision": 0.5826345247491932,
  "coref_recall": 0.5479041299216737,
  "coref_f1": 0.5647318126184034,
  "mention_recall": 0.9533169533169533,
  "loss": 2.3516340752898848
}