{
  "coref_precision": 0.685157574190121,
  "coref_recall": 0.6555679342444048,
  "coref_f1": 0.6700301327587467,
  "mention_recall": 0.9522058823529411,
  "loss": 1.777669085020959
}