{
  "coref_precision": 0.6909477898166987,
  "coref_recall": 0.5752519817658245,
  "coref_f1": 0.6276602369380303,
  "mention_recall": 0.9041185994737907,
  "loss": 58.921754355691895
}