{
  "coref_precision": 0.7138163065002797,
  "coref_recall": 0.6613945830857596,
  "coref_f1": 0.6866030183316738,
  "mention_recall": 0.9301470588235294,
  "loss": 1.3763485828298043
}