{
  "coref_precision": 0.5152596407003857,
  "coref_recall": 0.4720945427085777,
  "coref_f1": 0.4927325707161027,
  "mention_recall": 0.9262899262899262,
  "loss": 2.521901034898473
}