{
  "coref_precision": 0.6979624564642725,
  "coref_recall": 0.5665268725722168,
  "coref_f1": 0.6251261961942131,
  "mention_recall": 0.9044221817445861,
  "loss": 51.599086908752035
}