{
  "coref_precision": 0.7149741890802469,
  "coref_recall": 0.580721774031541,
  "coref_f1": 0.6408925682752961,
  "mention_recall": 0.8784461152882206,
  "loss": 1.0448027688886323
}