{
  "coref_precision": 0.6848972369186227,
  "coref_recall": 0.6289161455828122,
  "coref_f1": 0.6557052991863151,
  "mention_recall": 0.9227941176470589,
  "loss": 1.3193489953338957
}