{
  "coref_precision": 0.5853264600931091,
  "coref_recall": 0.535228210666807,
  "coref_f1": 0.5591512951385386,
  "mention_recall": 0.9226044226044227,
  "loss": 1.7683812126071845
}