{
  "coref_precision": 0.7284790056027077,
  "coref_recall": 0.5989262708784482,
  "coref_f1": 0.6573786881105957,
  "mention_recall": 0.8870765370138017,
  "loss": 1.0858370180411614
}