{
  "coref_precision": 0.6906209748488842,
  "coref_recall": 0.5803117202844037,
  "coref_f1": 0.6305531301561622,
  "mention_recall": 0.8981987451932807,
  "loss": 58.15850910602553
}