{
  "coref_precision": 0.6901071124124954,
  "coref_recall": 0.5839409778808854,
  "coref_f1": 0.6324244126578342,
  "mention_recall": 0.9024994940295487,
  "loss": 56.21741880138243
}