{
  "coref_precision": 0.6542454056115458,
  "coref_recall": 0.5696465118033746,
  "coref_f1": 0.6090181325954745,
  "mention_recall": 0.9031862745098039,
  "loss": 1.3932101148616127
}