{
  "coref_precision": 0.5858749174838199,
  "coref_recall": 0.48060521844346993,
  "coref_f1": 0.5280438758859339,
  "mention_recall": 0.8895859473023839,
  "loss": 1.9498325916626638
}