{
  "coref_precision": 0.658639341453644,
  "coref_recall": 0.5925549951865741,
  "coref_f1": 0.6238461881458154,
  "mention_recall": 0.9103194103194103,
  "loss": 1.5893635767745298
}