{
  "coref_precision": 0.7974819932893551,
  "coref_recall": 0.6467808863331252,
  "coref_f1": 0.7142689691606674,
  "mention_recall": 0.8884711779448622,
  "loss": 0.903938991659026
}