{
  "coref_precision": 0.560168469441658,
  "coref_recall": 0.5026344207716756,
  "coref_f1": 0.5298342180332907,
  "mention_recall": 0.9080882352941176,
  "loss": 2.218003527902234
}