{
  "coref_precision": 0.6570559091486693,
  "coref_recall": 0.5560807075732449,
  "coref_f1": 0.6023652892115294,
  "mention_recall": 0.899749373433584,
  "loss": 1.7028707582263187
}