{
  "coref_precision": 0.7909253467191174,
  "coref_recall": 0.6812840724633545,
  "coref_f1": 0.7320212820254678,
  "mention_recall": 0.9008782936010038,
  "loss": 1.0558301526196445
}