{
  "coref_precision": 0.6814526129641506,
  "coref_recall": 0.5773972302764359,
  "coref_f1": 0.6249884255693522,
  "mention_recall": 0.9008803885853066,
  "loss": 53.28219625954623
}