{
  "coref_precision": 0.4971217427829393,
  "coref_recall": 0.4383455624683694,
  "coref_f1": 0.465886671092229,
  "mention_recall": 0.9066339066339066,
  "loss": 2.4742000114365292
}