{
  "coref_precision": 0.7149818423478466,
  "coref_recall": 0.6394148063265711,
  "coref_f1": 0.6750896501141758,
  "mention_recall": 0.9105392156862745,
  "loss": 1.2327258111695347
}