{
  "coref_precision": 0.6772993286881057,
  "coref_recall": 0.5427568053255406,
  "coref_f1": 0.6026071272755917,
  "mention_recall": 0.8721804511278195,
  "loss": 1.244320740007506
}