{
  "coref_precision": 0.8012059946104094,
  "coref_recall": 0.6622644385828959,
  "coref_f1": 0.7251392442898722,
  "mention_recall": 0.8795483061480552,
  "loss": 0.914700100359518
}