{
  "coref_precision": 0.7302382868969711,
  "coref_recall": 0.6209472953780629,
  "coref_f1": 0.6711726888455134,
  "mention_recall": 0.8996235884567126,
  "loss": 1.2452873529006585
}