{
  "coref_precision": 0.6693744042778814,
  "coref_recall": 0.603270921163078,
  "coref_f1": 0.6346019993894813,
  "mention_recall": 0.9301470588235294,
  "loss": 1.539912360990631
}