Config: 7 and False and 1000000
Result: (-0.08822355740705949, -0.7476995875576675, 0.9243201243201243)
0.04179050889280107