Config: 8 and False and 1000000
Result: (-0.10869599327314422, -0.730423502137557, 0.9185703185703186)
0.04028334862656064