Config: 6b and False and 1000000
Result: (0.17180618139227521, 0.23386255145853058, 0.32975912975912974)
0.04079085687796275