Config: 8 and False and 1000000
Result: (-0.10161406126081152, -0.7254195115153962, 0.9163170163170163)
0.03902250733640459