Config: 6b and False and 1000000
Result: (-0.35126578791541213, -0.5452714122743356, 0.8491064491064491)
0.04080517649650574