Config: 7 and False and 1000000
Result: (0.15676540158750457, 1.0706407651953735, 0.013675213675213675)
0.040252986351648964