Config: 6b and False and 1000000
Result: (-3.069443412590984, -1.909164620073738, 0.9999222999223)
0.038801262180010475