Config: 7 and False and 1000000
Result: (-0.1390466922468326, -0.8651323035472396, 0.951048951048951)
0.03884226262569427