{
  "coref_precision": 0.6964415380907121,
  "coref_recall": 0.5707319174918252,
  "coref_f1": 0.6271132296457115,
  "mention_recall": 0.9045233758348512,
  "loss": 54.42790175248312
}