{
  "coref_precision": 0.675491781603048,
  "coref_recall": 0.5972464611702631,
  "coref_f1": 0.6339633241588,
  "mention_recall": 0.9035087719298246,
  "loss": 1.4084528695749998
}