{
  "coref_precision": 0.5417590216286237,
  "coref_recall": 0.5045240216292847,
  "coref_f1": 0.5224753947826343,
  "mention_recall": 0.9336609336609336,
  "loss": 2.318995074463371
}