{
  "coref_precision": 0.7076174826482192,
  "coref_recall": 0.657603933829424,
  "coref_f1": 0.6816916110265817,
  "mention_recall": 0.9338235294117647,
  "loss": 1.295567736815906
}