{
  "coref_precision": 0.7455154321650751,
  "coref_recall": 0.6599375719478536,
  "coref_f1": 0.7001208436410405,
  "mention_recall": 0.9058971141781681,
  "loss": 1.0601352558042483
}