{
  "coref_precision": 0.8247446859757689,
  "coref_recall": 0.7508142448735602,
  "coref_f1": 0.7860446832858634,
  "mention_recall": 0.917189460476788,
  "loss": 0.7342210631883394
}