{
  "coref_precision": 0.5441957037235183,
  "coref_recall": 0.4910458026064206,
  "coref_f1": 0.5162560173075815,
  "mention_recall": 0.9160401002506265,
  "loss": 1.7884588645297665
}