{
  "coref_precision": 0.689690208788773,
  "coref_recall": 0.5795223695744639,
  "coref_f1": 0.6296771099465671,
  "mention_recall": 0.9004250151791136,
  "loss": 52.732547987909484
}