{
  "coref_precision": 0.5833455836463549,
  "coref_recall": 0.5655130010393168,
  "coref_f1": 0.5742851556269759,
  "mention_recall": 0.9434889434889435,
  "loss": 2.117671146102341
}