{
  "coref_precision": 0.7259788723839545,
  "coref_recall": 0.6567928408135267,
  "coref_f1": 0.6896549476342684,
  "mention_recall": 0.9172932330827067,
  "loss": 1.1861606160933647
}