{
  "coref_precision": 0.7763000936470416,
  "coref_recall": 0.7038587700973457,
  "coref_f1": 0.7383032509407933,
  "mention_recall": 0.9159347553324969,
  "loss": 0.9744294419405874
}