{
  "coref_precision": 0.65856613912175,
  "coref_recall": 0.6372713479331127,
  "coref_f1": 0.6477427435081172,
  "mention_recall": 0.9436274509803921,
  "loss": 1.6377966589863
}