{
  "coref_precision": 0.6840841465666868,
  "coref_recall": 0.586947939041948,
  "coref_f1": 0.6316270194120553,
  "mention_recall": 0.9018417324428254,
  "loss": 51.48740534119886
}