{
  "coref_precision": 0.5769146567850368,
  "coref_recall": 0.5213697349662262,
  "coref_f1": 0.5477374182235933,
  "mention_recall": 0.9176904176904177,
  "loss": 1.8067395664092916
}