{
  "coref_precision": 0.7020304255024946,
  "coref_recall": 0.6325949302377429,
  "coref_f1": 0.6655058763360098,
  "mention_recall": 0.9121706398996235,
  "loss": 1.1962102987925598
}