{
  "coref_precision": 0.5786541540980584,
  "coref_recall": 0.5295663686014563,
  "coref_f1": 0.553021202541521,
  "mention_recall": 0.9201474201474201,
  "loss": 1.9216695198415665
}