{
  "coref_precision": 0.6624956336218583,
  "coref_recall": 0.6100547963293061,
  "coref_f1": 0.6351905688616596,
  "mention_recall": 0.9227941176470589,
  "loss": 1.3339273011519106
}