{
  "coref_precision": 0.6932675288829216,
  "coref_recall": 0.5798633086654444,
  "coref_f1": 0.6313391383682264,
  "mention_recall": 0.9052317344667071,
  "loss": 57.87461183025194
}