{
  "coref_precision": 0.5392650657651881,
  "coref_recall": 0.5136993509800526,
  "coref_f1": 0.5261681697567372,
  "mention_recall": 0.9336609336609336,
  "loss": 2.223983433773806
}