{
  "coref_precision": 0.6510789494755385,
  "coref_recall": 0.5955479305832801,
  "coref_f1": 0.6220765750386964,
  "mention_recall": 0.9273182957393483,
  "loss": 1.8001365594164342
}