{
  "coref_precision": 0.7206710711149543,
  "coref_recall": 0.666387408726198,
  "coref_f1": 0.6924669924869074,
  "mention_recall": 0.9284818067754078,
  "loss": 1.5015530683508678
}