{
  "coref_precision": 0.6821393474405335,
  "coref_recall": 0.6445242575144537,
  "coref_f1": 0.6627985282550857,
  "mention_recall": 0.928921568627451,
  "loss": 1.4289723041325266
}