{
  "coref_precision": 0.596725815152004,
  "coref_recall": 0.5138806801414814,
  "coref_f1": 0.5522133293640282,
  "mention_recall": 0.8959899749373433,
  "loss": 1.5369009402540028
}