{
  "coref_precision": 0.5453695478658446,
  "coref_recall": 0.4971345063450327,
  "coref_f1": 0.520098352410487,
  "mention_recall": 0.9115479115479116,
  "loss": 2.011609015560202
}