{
  "coref_precision": 0.6978544901215411,
  "coref_recall": 0.6149891631726567,
  "coref_f1": 0.6538033163012352,
  "mention_recall": 0.903387703889586,
  "loss": 1.1954430758059775
}