{
  "coref_precision": 0.6801325147242894,
  "coref_recall": 0.5833018151594042,
  "coref_f1": 0.6278448203288591,
  "mention_recall": 0.8997672535923902,
  "loss": 52.80252213656351
}