{
  "coref_precision": 0.7008215757687503,
  "coref_recall": 0.6013642012463694,
  "coref_f1": 0.6472741254188523,
  "mention_recall": 0.8897243107769424,
  "loss": 1.5750478083986696
}