{
  "coref_precision": 0.7249074344987658,
  "coref_recall": 0.6057505303889031,
  "coref_f1": 0.6599609268972351,
  "mention_recall": 0.8946047678795483,
  "loss": 1.3497760992239465
}