{
  "coref_precision": 0.6499836234214539,
  "coref_recall": 0.5796519112695583,
  "coref_f1": 0.6127925672368322,
  "mention_recall": 0.8946078431372549,
  "loss": 1.669505076377021
}