{
  "coref_precision": 0.5755588233937877,
  "coref_recall": 0.5205478205478206,
  "coref_f1": 0.5466442386079844,
  "mention_recall": 0.9017199017199017,
  "loss": 2.0377164476853413
}