{
  "coref_precision": 0.6982464035802121,
  "coref_recall": 0.572316166128697,
  "coref_f1": 0.6287990189912623,
  "mention_recall": 0.9025500910746812,
  "loss": 52.201225448056725
}