{
  "coref_precision": 0.8058546419620579,
  "coref_recall": 0.7470348913976365,
  "coref_f1": 0.7752897194007399,
  "mention_recall": 0.9252450980392157,
  "loss": 0.8795948234524398
}