{
  "coref_precision": 0.7543825143827311,
  "coref_recall": 0.695391532033689,
  "coref_f1": 0.7236798779973698,
  "mention_recall": 0.9301470588235294,
  "loss": 0.9662030250444947
}