{
  "coref_precision": 0.843338571279105,
  "coref_recall": 0.7546811359937736,
  "coref_f1": 0.7965487409450785,
  "mention_recall": 0.9058971141781681,
  "loss": 0.7296198057152706
}