{
  "coref_precision": 0.42788919828822297,
  "coref_recall": 0.39652707503584694,
  "coref_f1": 0.41158469730727226,
  "mention_recall": 0.9176904176904177,
  "loss": 2.9804521114449494
}