{
  "coref_precision": 0.47847975215940175,
  "coref_recall": 0.44473883772129374,
  "coref_f1": 0.4609919868539228,
  "mention_recall": 0.9324324324324325,
  "loss": 2.1315191886440408
}