{
  "coref_precision": 0.49995524553226955,
  "coref_recall": 0.45114503997064875,
  "coref_f1": 0.474297342405907,
  "mention_recall": 0.9035087719298246,
  "loss": 2.3146058276367008
}