{
  "coref_precision": 0.6918590990039432,
  "coref_recall": 0.5733001960331898,
  "coref_f1": 0.6268297477852949,
  "mention_recall": 0.9059906901436956,
  "loss": 58.87243127975642
}