{
  "coref_precision": 0.5805285193424793,
  "coref_recall": 0.514038919302077,
  "coref_f1": 0.5452588788031072,
  "mention_recall": 0.898034398034398,
  "loss": 1.988581738821196
}