{
  "coref_precision": 0.8203303083804551,
  "coref_recall": 0.671150281969689,
  "coref_f1": 0.7382752130749752,
  "mention_recall": 0.8707653701380176,
  "loss": 0.7847433915615757
}