{
  "coref_precision": 0.761289548942304,
  "coref_recall": 0.6248651177166495,
  "coref_f1": 0.6863627662009962,
  "mention_recall": 0.8671679197994987,
  "loss": 0.9338009750864847
}