{
  "coref_precision": 0.6569133361003898,
  "coref_recall": 0.5829820733007008,
  "coref_f1": 0.6177434060750064,
  "mention_recall": 0.8970588235294118,
  "loss": 1.483292280122262
}