{
  "coref_precision": 0.6960942584638129,
  "coref_recall": 0.5827780470974231,
  "coref_f1": 0.6342812734439512,
  "mention_recall": 0.901183970856102,
  "loss": 50.44963690408455
}