{
  "coref_precision": 0.6904684087159584,
  "coref_recall": 0.5764207313101685,
  "coref_f1": 0.6281244538599164,
  "mention_recall": 0.8910645618295892,
  "loss": 50.916405511031215
}