{
  "coref_precision": 0.8080594587893858,
  "coref_recall": 0.5551277946219075,
  "coref_f1": 0.6581275146385795,
  "mention_recall": 0.8782936010037641,
  "loss": 1.1047003082835674
}