{
  "coref_precision": 0.7319767605815293,
  "coref_recall": 0.5675515488555551,
  "coref_f1": 0.6393619836049199,
  "mention_recall": 0.899749373433584,
  "loss": 1.2879771138708154
}