{
  "coref_precision": 0.7611650148013444,
  "coref_recall": 0.5920472763807234,
  "coref_f1": 0.6660371260075143,
  "mention_recall": 0.8920953575909661,
  "loss": 1.105216540530235
}