{
  "coref_precision": 0.6898212800036472,
  "coref_recall": 0.6069290595025888,
  "coref_f1": 0.6457236252094142,
  "mention_recall": 0.9227941176470589,
  "loss": 1.4362396550690153
}