{
  "coref_precision": 0.564766054004046,
  "coref_recall": 0.48027357501041706,
  "coref_f1": 0.5191028305898208,
  "mention_recall": 0.9090909090909091,
  "loss": 2.288028157944053
}