{
  "coref_precision": 0.7840445252063213,
  "coref_recall": 0.5391226823277098,
  "coref_f1": 0.6389151675315983,
  "mention_recall": 0.8734335839598998,
  "loss": 1.2839889096075583
}