{
  "coref_precision": 0.6768801236550884,
  "coref_recall": 0.5817082472719727,
  "coref_f1": 0.6256845324663839,
  "mention_recall": 0.9080882352941176,
  "loss": 1.5362802190608076
}