{
  "coref_precision": 0.5397104376882211,
  "coref_recall": 0.4882787492436615,
  "coref_f1": 0.5127057934938954,
  "mention_recall": 0.9250614250614251,
  "loss": 2.2851706885032326
}