{
  "coref_precision": 0.6883392755836345,
  "coref_recall": 0.5821762102090172,
  "coref_f1": 0.6306576425520952,
  "mention_recall": 0.9022465088038859,
  "loss": 51.70695013221321
}