{
  "coref_precision": 0.6872992132812016,
  "coref_recall": 0.5791666354682873,
  "coref_f1": 0.6283103740332937,
  "mention_recall": 0.9026006881198138,
  "loss": 53.46498801375588
}