{
  "coref_precision": 0.6781173347304498,
  "coref_recall": 0.6503662912976639,
  "coref_f1": 0.6639463157524066,
  "mention_recall": 0.9387254901960784,
  "loss": 1.4338040157099476
}