{
  "coref_precision": 0.6633822708979923,
  "coref_recall": 0.6427209183336635,
  "coref_f1": 0.6528785399037136,
  "mention_recall": 0.9448529411764706,
  "loss": 1.3768886123213238
}