{
  "coref_precision": 0.5831810999123244,
  "coref_recall": 0.5662115464747044,
  "coref_f1": 0.5745575845426482,
  "mention_recall": 0.9459459459459459,
  "loss": 1.889701530104062
}