{
  "coref_precision": 0.6712731790575414,
  "coref_recall": 0.5909206404219915,
  "coref_f1": 0.6285365513071975,
  "mention_recall": 0.9084065244667503,
  "loss": 1.2271553960505497
}