{
  "coref_precision": 0.7627864572094429,
  "coref_recall": 0.6749090384334927,
  "coref_f1": 0.7161567518755962,
  "mention_recall": 0.903387703889586,
  "loss": 1.062631822938971
}