{
  "coref_precision": 0.6686786661904764,
  "coref_recall": 0.5970210559566412,
  "coref_f1": 0.6308208371028046,
  "mention_recall": 0.9097744360902256,
  "loss": 1.4010518140806443
}