{
  "coref_precision": 0.5509319573118878,
  "coref_recall": 0.519923038782688,
  "coref_f1": 0.5349559580163396,
  "mention_recall": 0.9361179361179361,
  "loss": 1.9948984648996488
}