{
  "coref_precision": 0.7333806990500497,
  "coref_recall": 0.6398933127330614,
  "coref_f1": 0.68344906982062,
  "mention_recall": 0.9047619047619048,
  "loss": 1.270789026761622
}