{
  "coref_precision": 0.686926496919687,
  "coref_recall": 0.5765351677632423,
  "coref_f1": 0.6268060295362446,
  "mention_recall": 0.9006274033596438,
  "loss": 57.96110591825182
}