{
  "coref_precision": 0.7564161311434657,
  "coref_recall": 0.6158426274490689,
  "coref_f1": 0.6789267492873998,
  "mention_recall": 0.893483709273183,
  "loss": 1.1229468384933499
}