{
  "coref_precision": 0.7815067277296258,
  "coref_recall": 0.6382862778607263,
  "coref_f1": 0.7026726518853906,
  "mention_recall": 0.9008782936010038,
  "loss": 0.9794993220266569
}