{
  "coref_precision": 0.5785140246579094,
  "coref_recall": 0.5120292142221966,
  "coref_f1": 0.5432432594137463,
  "mention_recall": 0.9262899262899262,
  "loss": 2.2199896631782163
}