{
  "coref_precision": 0.6547697635096009,
  "coref_recall": 0.5767033075856606,
  "coref_f1": 0.6132580194051395,
  "mention_recall": 0.9301470588235294,
  "loss": 1.675539016613579
}