{
  "coref_precision": 0.684334680437024,
  "coref_recall": 0.5847991508068616,
  "coref_f1": 0.6305522611820557,
  "mention_recall": 0.9055353167375025,
  "loss": 53.906678558812324
}