{
  "coref_precision": 0.6316175780539351,
  "coref_recall": 0.5909190528063079,
  "coref_f1": 0.6104933977652681,
  "mention_recall": 0.9080882352941176,
  "loss": 1.4609332151411938
}