{
  "coref_precision": 0.7190803893394574,
  "coref_recall": 0.5980564616753056,
  "coref_f1": 0.6529980125000646,
  "mention_recall": 0.8833124215809285,
  "loss": 0.9782860275574738
}