{
  "coref_precision": 0.6570064715812506,
  "coref_recall": 0.5335398996763229,
  "coref_f1": 0.5888707609804419,
  "mention_recall": 0.8734335839598998,
  "loss": 1.2591546030842924
}