{
  "coref_precision": 0.5637299364663733,
  "coref_recall": 0.5208257015274559,
  "coref_f1": 0.541325084439077,
  "mention_recall": 0.9041769041769042,
  "loss": 1.9621216843137186
}