{
  "coref_precision": 0.6921869673216777,
  "coref_recall": 0.5883184207845962,
  "coref_f1": 0.6359144973837445,
  "mention_recall": 0.9047763610605141,
  "loss": 53.192094142429646
}