{
  "coref_precision": 0.5434649537172539,
  "coref_recall": 0.5118747934537408,
  "coref_f1": 0.5271942691013872,
  "mention_recall": 0.9361179361179361,
  "loss": 2.4224880671703466
}