{
  "coref_precision": 0.6965231049465004,
  "coref_recall": 0.6174551220505659,
  "coref_f1": 0.6546094040483807,
  "mention_recall": 0.8972431077694235,
  "loss": 1.5074756629129489
}