{
  "coref_precision": 0.7571412430453486,
  "coref_recall": 0.6697019599356762,
  "coref_f1": 0.7107423117941116,
  "mention_recall": 0.8971141781681304,
  "loss": 1.1619065938962883
}