{
  "coref_precision": 0.6857942911244651,
  "coref_recall": 0.6416231054711448,
  "coref_f1": 0.6629690903934476,
  "mention_recall": 0.9350490196078431,
  "loss": 1.422654717682769
}