{
  "coref_precision": 0.6883818349819033,
  "coref_recall": 0.5871818571504499,
  "coref_f1": 0.6336328922793321,
  "mention_recall": 0.9063448694596236,
  "loss": 52.87726716631515
}