{
  "coref_precision": 0.5505594747469669,
  "coref_recall": 0.5082693538833889,
  "coref_f1": 0.5285695848333828,
  "mention_recall": 0.9201474201474201,
  "loss": 1.8388519935436232
}