{
  "coref_precision": 0.7155365433909671,
  "coref_recall": 0.6150659199886745,
  "coref_f1": 0.6615077454194532,
  "mention_recall": 0.8859649122807017,
  "loss": 0.9702326519868333
}