{
  "coref_precision": 0.7069204468518411,
  "coref_recall": 0.6560124470663685,
  "coref_f1": 0.680515514258654,
  "mention_recall": 0.9264705882352942,
  "loss": 1.178877378361352
}