{
  "coref_precision": 0.696807402645235,
  "coref_recall": 0.575302118892764,
  "coref_f1": 0.6301051629255623,
  "mention_recall": 0.9064966605950212,
  "loss": 52.289882965375206
}