{
  "coref_precision": 0.7712330405939444,
  "coref_recall": 0.7123933259108964,
  "coref_f1": 0.7406459017883028,
  "mention_recall": 0.9247176913425345,
  "loss": 0.8784745505340055
}