{
  "coref_precision": 0.6737736724514595,
  "coref_recall": 0.6517172188740815,
  "coref_f1": 0.6625589172938785,
  "mention_recall": 0.9497549019607843,
  "loss": 1.2065968956577684
}