{
  "coref_precision": 0.5733151823040133,
  "coref_recall": 0.547383787296068,
  "coref_f1": 0.5600464263734729,
  "mention_recall": 0.9459459459459459,
  "loss": 1.5766362363364985
}