{
  "coref_precision": 0.6744196448281535,
  "coref_recall": 0.6358873117514122,
  "coref_f1": 0.6545855239547995,
  "mention_recall": 0.9273182957393483,
  "loss": 1.2174693479968979
}