{
  "coref_precision": 0.5840102763423775,
  "coref_recall": 0.5441467254245468,
  "coref_f1": 0.5633712344910407,
  "mention_recall": 0.9210526315789473,
  "loss": 1.5614815536906035
}