{
  "coref_precision": 0.6928418985128135,
  "coref_recall": 0.6401005267426836,
  "coref_f1": 0.6654203278330267,
  "mention_recall": 0.9252450980392157,
  "loss": 1.1518523615519334
}