{
  "coref_precision": 0.6923604388069332,
  "coref_recall": 0.5824999478217464,
  "coref_f1": 0.6325424138529502,
  "mention_recall": 0.9030054644808743,
  "loss": 53.1604156151438
}