{
  "coref_precision": 0.5630772242980964,
  "coref_recall": 0.545242890418329,
  "coref_f1": 0.5540151495878299,
  "mention_recall": 0.941031941031941,
  "loss": 1.807105188958147
}