{
  "coref_precision": 0.7640179399164854,
  "coref_recall": 0.6751562568659569,
  "coref_f1": 0.7168427188329259,
  "mention_recall": 0.9209535759096612,
  "loss": 1.0104939431060787
}