{
  "coref_precision": 0.6909987462947697,
  "coref_recall": 0.6194700499426867,
  "coref_f1": 0.6532814743553979,
  "mention_recall": 0.9210526315789473,
  "loss": 1.2398692078695468
}