{
  "coref_precision": 0.6843103065472304,
  "coref_recall": 0.6466238010355657,
  "coref_f1": 0.6649323831405417,
  "mention_recall": 0.9375,
  "loss": 1.214292359224496
}