{
  "coref_precision": 0.6587905496185474,
  "coref_recall": 0.5797925567533411,
  "coref_f1": 0.6167625960207825,
  "mention_recall": 0.9068627450980392,
  "loss": 1.7143303348675683
}