{
  "coref_precision": 0.6700092379437305,
  "coref_recall": 0.5579375457118104,
  "coref_f1": 0.6088590517346838,
  "mention_recall": 0.8745294855708908,
  "loss": 1.432911920935767
}