{
  "coref_precision": 0.5937865574894513,
  "coref_recall": 0.5192515082865959,
  "coref_f1": 0.5540230059997435,
  "mention_recall": 0.9090909090909091,
  "loss": 2.2258375035558653
}