{
  "coref_precision": 0.6607968327772955,
  "coref_recall": 0.560518758829835,
  "coref_f1": 0.6065399826005907,
  "mention_recall": 0.8771929824561403,
  "loss": 1.7306611594654047
}