{
  "coref_precision": 0.6830198801595658,
  "coref_recall": 0.5779884783748903,
  "coref_f1": 0.6259450309988145,
  "mention_recall": 0.9012851649463671,
  "loss": 53.84438989129006
}