{
  "coref_precision": 0.6981315719533369,
  "coref_recall": 0.5803305171520315,
  "coref_f1": 0.6336261113685687,
  "mention_recall": 0.8990588949605343,
  "loss": 52.47273226585269
}