{
  "coref_precision": 0.6593221921905837,
  "coref_recall": 0.6149837544445387,
  "coref_f1": 0.6363810795538717,
  "mention_recall": 0.9362745098039216,
  "loss": 1.6103981919760106
}