{
  "coref_precision": 0.5804350693411372,
  "coref_recall": 0.5250512474196684,
  "coref_f1": 0.5513479662524202,
  "mention_recall": 0.9201474201474201,
  "loss": 1.7539640247419361
}