{
  "coref_precision": 0.804790429335649,
  "coref_recall": 0.6672031893617203,
  "coref_f1": 0.7295664423917122,
  "mention_recall": 0.8858218318695107,
  "loss": 0.8325178435730028
}