{
  "coref_precision": 0.574614401536404,
  "coref_recall": 0.5315114955465833,
  "coref_f1": 0.552222780994811,
  "mention_recall": 0.9324324324324325,
  "loss": 1.8553108626454542
}