{
  "coref_precision": 0.7192216088162987,
  "coref_recall": 0.6379598632575038,
  "coref_f1": 0.6761578764756256,
  "mention_recall": 0.9146800501882058,
  "loss": 1.2997750669372352
}