{
  "coref_precision": 0.6891414653333534,
  "coref_recall": 0.6214303398126927,
  "coref_f1": 0.6535332843843494,
  "mention_recall": 0.9191176470588235,
  "loss": 1.3378471942465198
}