{
  "coref_precision": 0.6779416875541422,
  "coref_recall": 0.601461100361336,
  "coref_f1": 0.6374150564739068,
  "mention_recall": 0.9172932330827067,
  "loss": 1.4486665711583877
}