{
  "coref_precision": 0.7418732583104634,
  "coref_recall": 0.5953158091217793,
  "coref_f1": 0.660562534854059,
  "mention_recall": 0.8796992481203008,
  "loss": 1.0529456645173987
}