{
  "coref_precision": 0.5467186104155531,
  "coref_recall": 0.49756328440538966,
  "coref_f1": 0.520969672890207,
  "mention_recall": 0.9152334152334153,
  "loss": 2.2579768593078473
}