{
  "coref_precision": 0.6934986103318396,
  "coref_recall": 0.5748781337241697,
  "coref_f1": 0.6284129985278941,
  "mention_recall": 0.9053329285569722,
  "loss": 53.55357261799709
}