{
  "coref_precision": 0.8633723055898613,
  "coref_recall": 0.6600366361007105,
  "coref_f1": 0.7481327067066282,
  "mention_recall": 0.8820577164366374,
  "loss": 0.6970714840997907
}