{
  "coref_precision": 0.483821247758674,
  "coref_recall": 0.41543177946686716,
  "coref_f1": 0.44701903007248456,
  "mention_recall": 0.8968058968058968,
  "loss": 2.1426548764831987
}