{
  "coref_precision": 0.5697132847025378,
  "coref_recall": 0.47545726218153556,
  "coref_f1": 0.518334924922059,
  "mention_recall": 0.8834586466165414,
  "loss": 1.8549409185512058
}