{
  "coref_precision": 0.7463787258784196,
  "coref_recall": 0.6692967843703137,
  "coref_f1": 0.705726870891814,
  "mention_recall": 0.9252450980392157,
  "loss": 1.2307182033472959
}