{
  "coref_precision": 0.49783846500825907,
  "coref_recall": 0.44269265278037206,
  "coref_f1": 0.46864276385853465,
  "mention_recall": 0.9213759213759214,
  "loss": 2.587346030146566
}