{
  "coref_precision": 0.7782825153923848,
  "coref_recall": 0.6647501650568796,
  "coref_f1": 0.7170500300779133,
  "mention_recall": 0.8946047678795483,
  "loss": 1.050725234390493
}