{
  "coref_precision": 0.6914163489976038,
  "coref_recall": 0.5867332809358744,
  "coref_f1": 0.6346685645076579,
  "mention_recall": 0.9021959117587532,
  "loss": 51.64162912157675
}