{
  "coref_precision": 0.6884927692596348,
  "coref_recall": 0.5860131150437432,
  "coref_f1": 0.6330186915449447,
  "mention_recall": 0.9037644201578627,
  "loss": 53.617233919810396
}