{
  "coref_precision": 0.7273677844877072,
  "coref_recall": 0.6656754540449997,
  "coref_f1": 0.6951539679553908,
  "mention_recall": 0.9159347553324969,
  "loss": 1.1401781322582307
}