{
  "coref_precision": 0.6653480346004293,
  "coref_recall": 0.6084464830602564,
  "coref_f1": 0.6356257579522855,
  "mention_recall": 0.9160401002506265,
  "loss": 1.3210484097560586
}