{
  "coref_precision": 0.646379263503382,
  "coref_recall": 0.6130919371115449,
  "coref_f1": 0.6292908110255382,
  "mention_recall": 0.9375,
  "loss": 1.5189111335906393
}