{
  "coref_precision": 0.7007887209363356,
  "coref_recall": 0.6372324412155043,
  "coref_f1": 0.6675010410983835,
  "mention_recall": 0.918444165621079,
  "loss": 1.1404105554918282
}