{
  "coref_precision": 0.5897307750279911,
  "coref_recall": 0.5574449649011052,
  "coref_f1": 0.5731334243573516,
  "mention_recall": 0.9336609336609336,
  "loss": 1.9374401751441725
}