{
  "coref_precision": 0.6612354767954792,
  "coref_recall": 0.6279183053692857,
  "coref_f1": 0.6441456922443413,
  "mention_recall": 0.9424019607843137,
  "loss": 1.4146434576663651
}