{
  "coref_precision": 0.6649079197657215,
  "coref_recall": 0.6021720748678067,
  "coref_f1": 0.6319848043773133,
  "mention_recall": 0.9160401002506265,
  "loss": 1.2722589131264082
}