{
  "coref_precision": 0.5948299499629144,
  "coref_recall": 0.5660303103285559,
  "coref_f1": 0.5800624929032374,
  "mention_recall": 0.9324324324324325,
  "loss": 1.7185972584606997
}