{
  "coref_precision": 0.6836200755546155,
  "coref_recall": 0.5849639939944015,
  "coref_f1": 0.6303397855509693,
  "mention_recall": 0.9022971058490185,
  "loss": 51.55643299030041
}