{
  "coref_precision": 0.6953038583596746,
  "coref_recall": 0.639323145082949,
  "coref_f1": 0.6661367348994878,
  "mention_recall": 0.9276960784313726,
  "loss": 1.1357489237263068
}