{
  "coref_precision": 0.7661148563479944,
  "coref_recall": 0.6375772986579721,
  "coref_f1": 0.6959590049540756,
  "mention_recall": 0.9084065244667503,
  "loss": 0.9458470976791744
}