{
  "coref_precision": 0.6643858439174434,
  "coref_recall": 0.5558312302944405,
  "coref_f1": 0.6052794059660455,
  "mention_recall": 0.9110275689223057,
  "loss": 1.4455833496040105
}