{
  "coref_precision": 0.5409486063419453,
  "coref_recall": 0.4976268533286077,
  "coref_f1": 0.5183820848725825,
  "mention_recall": 0.9250614250614251,
  "loss": 2.1361481445796144
}