{
  "coref_precision": 0.6963596633398721,
  "coref_recall": 0.5685639954503094,
  "coref_f1": 0.6257626021562664,
  "mention_recall": 0.9026512851649464,
  "loss": 54.32829494873161
}