{
  "coref_precision": 0.6935098620368315,
  "coref_recall": 0.5718827641572775,
  "coref_f1": 0.6264722903371468,
  "mention_recall": 0.9037138231127302,
  "loss": 52.593621355908304
}