{
  "coref_precision": 0.7019862950687709,
  "coref_recall": 0.5865845892685378,
  "coref_f1": 0.6391146528229458,
  "mention_recall": 0.8884711779448622,
  "loss": 1.1749692809535874
}