{
  "coref_precision": 0.6429515488991294,
  "coref_recall": 0.5671858642446878,
  "coref_f1": 0.6026952932185488,
  "mention_recall": 0.9301470588235294,
  "loss": 1.9826283669241538
}