{
  "coref_precision": 0.6261824788332113,
  "coref_recall": 0.5188226618078119,
  "coref_f1": 0.567469051859146,
  "mention_recall": 0.9021329987452948,
  "loss": 1.8362675995073818
}