{
  "coref_precision": 0.6320386515935228,
  "coref_recall": 0.5269812710831302,
  "coref_f1": 0.5747473998152061,
  "mention_recall": 0.899749373433584,
  "loss": 1.7528417186779532
}