{
  "coref_precision": 0.6019240826421018,
  "coref_recall": 0.5382392759585742,
  "coref_f1": 0.5682997015100781,
  "mention_recall": 0.9250614250614251,
  "loss": 1.928389243368996
}