{
  "coref_precision": 0.6365029323096144,
  "coref_recall": 0.5715132770279828,
  "coref_f1": 0.6022597652573842,
  "mention_recall": 0.9154411764705882,
  "loss": 1.5746092021118288
}