{
  "coref_precision": 0.5969624589653898,
  "coref_recall": 0.5290642716081312,
  "coref_f1": 0.5609655551118934,
  "mention_recall": 0.914004914004914,
  "loss": 1.8322940362891096
}