{
  "coref_precision": 0.6542504781224349,
  "coref_recall": 0.551103962377535,
  "coref_f1": 0.5982617759781489,
  "mention_recall": 0.8870765370138017,
  "loss": 1.4094722696791944
}