{
  "coref_precision": 0.5995639384994071,
  "coref_recall": 0.5117960172555617,
  "coref_f1": 0.5522134297987961,
  "mention_recall": 0.9010025062656641,
  "loss": 1.6779508334104296
}