{
  "coref_precision": 0.5462546761748889,
  "coref_recall": 0.4892533339901761,
  "coref_f1": 0.5161797049669475,
  "mention_recall": 0.9127764127764127,
  "loss": 2.221830556383423
}