{
  "coref_precision": 0.7270258229271077,
  "coref_recall": 0.6106029622174955,
  "coref_f1": 0.6637455650851939,
  "mention_recall": 0.904642409033877,
  "loss": 1.1100401080597055
}