{
  "coref_precision": 0.6919156342820466,
  "coref_recall": 0.5689277184367522,
  "coref_f1": 0.6244114969004478,
  "mention_recall": 0.9060150375939849,
  "loss": 1.2580412309678264
}