{
  "coref_precision": 0.5511511557941463,
  "coref_recall": 0.516919591042398,
  "coref_f1": 0.5334725123332654,
  "mention_recall": 0.9226044226044227,
  "loss": 1.8817211430765461
}