{
  "coref_precision": 0.6852578887862779,
  "coref_recall": 0.5825983362803934,
  "coref_f1": 0.629514869056932,
  "mention_recall": 0.9040680024286581,
  "loss": 52.4784220625906
}