{
  "coref_precision": 0.6862894801666197,
  "coref_recall": 0.5786921921003598,
  "coref_f1": 0.6278065814625345,
  "mention_recall": 0.9031066585711395,
  "loss": 52.473731986696606
}