{
  "coref_precision": 0.7185012840978189,
  "coref_recall": 0.6387279346614854,
  "coref_f1": 0.6762694308579921,
  "mention_recall": 0.903387703889586,
  "loss": 1.3684880093061222
}