{
  "coref_precision": 0.6161670666593309,
  "coref_recall": 0.5619267592951802,
  "coref_f1": 0.5877976559721622,
  "mention_recall": 0.9275184275184275,
  "loss": 1.8912797635079361
}