{
  "coref_precision": 0.7007532388854348,
  "coref_recall": 0.6243153583491368,
  "coref_f1": 0.6603295701205637,
  "mention_recall": 0.9273182957393483,
  "loss": 1.2223713934928226
}