{
  "coref_precision": 0.6472536289436656,
  "coref_recall": 0.5816237774571107,
  "coref_f1": 0.6126858961986319,
  "mention_recall": 0.9264705882352942,
  "loss": 1.7134812990591928
}