{
  "coref_precision": 0.8662196080209137,
  "coref_recall": 0.7431386675110803,
  "coref_f1": 0.7999725465288794,
  "mention_recall": 0.918444165621079,
  "loss": 0.5774720316080881
}