{
  "coref_precision": 0.7938508493504339,
  "coref_recall": 0.7331508360920126,
  "coref_f1": 0.7622858929467305,
  "mention_recall": 0.9399509803921569,
  "loss": 0.7834247986729219
}