{
  "coref_precision": 0.42404638949728524,
  "coref_recall": 0.3916299473317017,
  "coref_f1": 0.40719290689451965,
  "mention_recall": 0.9348894348894349,
  "loss": 2.5399220491210253
}