{
  "coref_precision": 0.6949059554772515,
  "coref_recall": 0.6213196756401783,
  "coref_f1": 0.6560551060517831,
  "mention_recall": 0.9035087719298246,
  "loss": 1.5679941773423112
}