{
  "coref_precision": 0.7025435013941728,
  "coref_recall": 0.5663342679860921,
  "coref_f1": 0.6268783443163105,
  "mention_recall": 0.9032584497065371,
  "loss": 50.869687227022446
}