{
  "coref_precision": 0.6951765292136836,
  "coref_recall": 0.5701801723019906,
  "coref_f1": 0.6262133136738484,
  "mention_recall": 0.9047257640153815,
  "loss": 56.98990922563324
}