{
  "coref_precision": 0.5761092854178514,
  "coref_recall": 0.5157176338548887,
  "coref_f1": 0.5442415348946158,
  "mention_recall": 0.9154411764705882,
  "loss": 1.6491708635594713
}