{
  "coref_precision": 0.5615679424117948,
  "coref_recall": 0.49567417876241393,
  "coref_f1": 0.5265584446932352,
  "mention_recall": 0.9105392156862745,
  "loss": 1.7926357696800885
}