{
  "coref_precision": 0.6340335257047611,
  "coref_recall": 0.5207083319404983,
  "coref_f1": 0.5718057476923248,
  "mention_recall": 0.8858218318695107,
  "loss": 1.4393004629525807
}