{
  "coref_precision": 0.6503501758775073,
  "coref_recall": 0.5955432705432705,
  "coref_f1": 0.6217409261657966,
  "mention_recall": 0.9213759213759214,
  "loss": 1.34477235224421
}