{
  "coref_precision": 0.7826641177779471,
  "coref_recall": 0.6439649459091722,
  "coref_f1": 0.7065690908042576,
  "mention_recall": 0.8796992481203008,
  "loss": 0.775599203783791
}