{
  "coref_precision": 0.6272622319588894,
  "coref_recall": 0.5325313840371084,
  "coref_f1": 0.5760279019248423,
  "mention_recall": 0.8983688833124216,
  "loss": 1.351843640697286
}