{
  "coref_precision": 0.7172599374760559,
  "coref_recall": 0.6145369139215696,
  "coref_f1": 0.6619364165497426,
  "mention_recall": 0.8947368421052632,
  "loss": 0.9770895991292041
}