{
  "coref_precision": 0.675646627881922,
  "coref_recall": 0.5928842319193196,
  "coref_f1": 0.6315596999096713,
  "mention_recall": 0.8992628992628993,
  "loss": 1.3337625597228877
}