{
  "coref_precision": 0.5553189389024934,
  "coref_recall": 0.5052655925462943,
  "coref_f1": 0.5291098620542519,
  "mention_recall": 0.9238329238329238,
  "loss": 1.9255206260041366
}