{
  "coref_precision": 0.8188884751538655,
  "coref_recall": 0.7086884728219752,
  "coref_f1": 0.759813447495846,
  "mention_recall": 0.9071518193224593,
  "loss": 0.867787018369382
}