{
  "coref_precision": 0.7523621040842956,
  "coref_recall": 0.6421948036834132,
  "coref_f1": 0.6929259861984233,
  "mention_recall": 0.9047619047619048,
  "loss": 1.1578503421186643
}