{
  "coref_precision": 0.6936878803952347,
  "coref_recall": 0.5856904669675881,
  "coref_f1": 0.6350443776202812,
  "mention_recall": 0.9025500910746812,
  "loss": 51.81650850869549
}