{
  "coref_precision": 0.686052157411908,
  "coref_recall": 0.5832196398034154,
  "coref_f1": 0.6303580884697305,
  "mention_recall": 0.9018417324428254,
  "loss": 56.45721662047502
}