{
  "coref_precision": 0.6693336646317439,
  "coref_recall": 0.5481313528053513,
  "coref_f1": 0.6026968628669146,
  "mention_recall": 0.9022556390977443,
  "loss": 1.3473760763752947
}