{
  "coref_precision": 0.6992567108961363,
  "coref_recall": 0.5903608983370109,
  "coref_f1": 0.640209369470993,
  "mention_recall": 0.8958594730238394,
  "loss": 1.3931089882587504
}