{
  "coref_precision": 0.5650718082004631,
  "coref_recall": 0.4873758128144093,
  "coref_f1": 0.5233557160161908,
  "mention_recall": 0.8968058968058968,
  "loss": 2.046382203237509
}