{
  "coref_precision": 0.7745700914015033,
  "coref_recall": 0.6326188898099773,
  "coref_f1": 0.6964345495128202,
  "mention_recall": 0.9084065244667503,
  "loss": 1.0261632766901618
}