{
  "coref_precision": 0.5440668699002033,
  "coref_recall": 0.45366605744977045,
  "coref_f1": 0.4947708019973631,
  "mention_recall": 0.8884711779448622,
  "loss": 2.1324700183349554
}