{
  "coref_precision": 0.6906815946114003,
  "coref_recall": 0.5865001556178026,
  "coref_f1": 0.6343412858877701,
  "mention_recall": 0.8982843137254902,
  "loss": 1.2872596669521035
}