Config: 8 and False and 1000000
Result: (-12.157832946014029, -1.9995673489731678, 0.9999222999223)
0.04904804746309917