Config: 6b and False and 1000000
Result: (-12.18713751437799, -1.9998160762899904, 0.9999222999223)
0.04875512692663405