Config: 7 and False and 1000000
Result: (-12.134874097071139, -1.999142232269637, 0.9999222999223)
0.048963698479864336