{
  "coref_precision": 0.6877126283557873,
  "coref_recall": 0.5790526703109903,
  "coref_f1": 0.6285529126791581,
  "mention_recall": 0.8996660595021251,
  "loss": 52.64763076066698
}