{
  "coref_precision": 0.722412709946918,
  "coref_recall": 0.594495237051957,
  "coref_f1": 0.6522336953334893,
  "mention_recall": 0.8845671267252195,
  "loss": 1.1331257705715756
}