{
  "coref_precision": 0.5959720196276356,
  "coref_recall": 0.4715287200361828,
  "coref_f1": 0.5264917852827551,
  "mention_recall": 0.87468671679198,
  "loss": 1.7373272244521962
}