{
  "coref_precision": 0.47983180107057316,
  "coref_recall": 0.42507335884528863,
  "coref_f1": 0.45079161130269946,
  "mention_recall": 0.9152334152334153,
  "loss": 2.355068437625048
}