{
  "coref_precision": 0.7263781024869546,
  "coref_recall": 0.6327797293626045,
  "coref_f1": 0.6763560650615421,
  "mention_recall": 0.9022556390977443,
  "loss": 1.101698937485618
}