{
  "coref_precision": 0.7065944057740688,
  "coref_recall": 0.6502143281555046,
  "coref_f1": 0.6772312245370311,
  "mention_recall": 0.9301470588235294,
  "loss": 1.2206754616847797
}