{
  "coref_precision": 0.802660657975106,
  "coref_recall": 0.6948731590728388,
  "coref_f1": 0.7448870847339322,
  "mention_recall": 0.9084065244667503,
  "loss": 0.8679574979006064
}