{
  "coref_precision": 0.6917769378746147,
  "coref_recall": 0.5726409213340932,
  "coref_f1": 0.6263284895845721,
  "mention_recall": 0.9042197935640559,
  "loss": 52.111831755580745
}