{
  "coref_precision": 0.4839380496690002,
  "coref_recall": 0.45565498284796524,
  "coref_f1": 0.469364970891386,
  "mention_recall": 0.9262899262899262,
  "loss": 2.380808335500962
}