{
  "coref_precision": 0.6999488905981979,
  "coref_recall": 0.5719721173262248,
  "coref_f1": 0.6293576771115091,
  "mention_recall": 0.9048775551507792,
  "loss": 55.45257870217079
}