{
  "coref_precision": 0.5834223697381591,
  "coref_recall": 0.5303839724892355,
  "coref_f1": 0.5556403521315801,
  "mention_recall": 0.9324324324324325,
  "loss": 2.0097351914066
}