{
  "coref_precision": 0.7582057760293642,
  "coref_recall": 0.6620788608052256,
  "coref_f1": 0.7068886615429079,
  "mention_recall": 0.8920953575909661,
  "loss": 0.9284937208938641
}