{
  "coref_precision": 0.7200631740393076,
  "coref_recall": 0.608992023125304,
  "coref_f1": 0.6598855125349652,
  "mention_recall": 0.8897243107769424,
  "loss": 1.0871507613468718
}