{
  "coref_precision": 0.6502068170287348,
  "coref_recall": 0.5967390407341387,
  "coref_f1": 0.6223245874349024,
  "mention_recall": 0.9387254901960784,
  "loss": 1.5138244539078674
}