{
  "coref_precision": 0.6916311935184848,
  "coref_recall": 0.5765527739615904,
  "coref_f1": 0.6286843986850963,
  "mention_recall": 0.9010321797207043,
  "loss": 50.8070627617631
}