{
  "coref_precision": 0.6816152012468724,
  "coref_recall": 0.5826817444639135,
  "coref_f1": 0.628201114934357,
  "mention_recall": 0.9009309856304392,
  "loss": 52.648101654829695
}