{
  "coref_precision": 0.683686193302547,
  "coref_recall": 0.5954605579605579,
  "coref_f1": 0.6365270234548402,
  "mention_recall": 0.9313725490196079,
  "loss": 1.4856713015630676
}