{
  "coref_precision": 0.5545580670826434,
  "coref_recall": 0.5035050600840075,
  "coref_f1": 0.5277981986453225,
  "mention_recall": 0.9422604422604423,
  "loss": 1.7857330265617224
}