{
  "coref_precision": 0.6839512765148278,
  "coref_recall": 0.5988029398084387,
  "coref_f1": 0.6385504158655482,
  "mention_recall": 0.9072681704260651,
  "loss": 1.2209664528987683
}