{
  "coref_precision": 0.5620880312453379,
  "coref_recall": 0.49146227567280193,
  "coref_f1": 0.5244074805027411,
  "mention_recall": 0.9250614250614251,
  "loss": 2.2885322369031496
}