{
  "coref_precision": 0.7215383868970346,
  "coref_recall": 0.6170502505422732,
  "coref_f1": 0.6652099488483152,
  "mention_recall": 0.917189460476788,
  "loss": 1.2724392872604022
}