{
  "coref_precision": 0.6673070321940647,
  "coref_recall": 0.569131998799451,
  "coref_f1": 0.6143217752078749,
  "mention_recall": 0.9072681704260651,
  "loss": 1.6015637037955421
}