{
  "coref_precision": 0.6702125767836998,
  "coref_recall": 0.6180368696300068,
  "coref_f1": 0.6430675826904154,
  "mention_recall": 0.9448529411764706,
  "loss": 1.3372596768074965
}