{
  "coref_precision": 0.7595295152666556,
  "coref_recall": 0.6323058211388671,
  "coref_f1": 0.6901028751682512,
  "mention_recall": 0.9109159347553325,
  "loss": 0.971945131417772
}