{
  "coref_precision": 0.6969806180554109,
  "coref_recall": 0.5692926357073758,
  "coref_f1": 0.6264105722440623,
  "mention_recall": 0.899210686095932,
  "loss": 54.269694768240605
}