{
  "coref_precision": 0.8739646377392273,
  "coref_recall": 0.6916931325518547,
  "coref_f1": 0.7722186358390077,
  "mention_recall": 0.8795483061480552,
  "loss": 0.6571436010201946
}