{
  "coref_precision": 0.7757780918342426,
  "coref_recall": 0.6698453960708863,
  "coref_f1": 0.718926597878796,
  "mention_recall": 0.8921568627450981,
  "loss": 0.8112720428558667
}