{
  "coref_precision": 0.6907537868282289,
  "coref_recall": 0.5778580385386172,
  "coref_f1": 0.6290667791968622,
  "mention_recall": 0.9028536733454766,
  "loss": 53.846489112451536
}