{
  "coref_precision": 0.687312658366655,
  "coref_recall": 0.6429335959973215,
  "coref_f1": 0.6643810045568016,
  "mention_recall": 0.9301470588235294,
  "loss": 1.5340912358069085
}