{
  "coref_precision": 0.6814907185258873,
  "coref_recall": 0.6344626642741332,
  "coref_f1": 0.6571359720454065,
  "mention_recall": 0.9172932330827067,
  "loss": 1.2852494199564695
}