{
  "coref_precision": 0.54221349484026,
  "coref_recall": 0.5113131871903801,
  "coref_f1": 0.5263084898037848,
  "mention_recall": 0.9312039312039312,
  "loss": 2.094948663957953
}