{
  "coref_precision": 0.7754884889667498,
  "coref_recall": 0.708330571279535,
  "coref_f1": 0.7403869473884243,
  "mention_recall": 0.9134253450439147,
  "loss": 0.9302559204431979
}