{
  "coref_precision": 0.6876646342495158,
  "coref_recall": 0.5816233282945286,
  "coref_f1": 0.6300698468580409,
  "mention_recall": 0.8989071038251366,
  "loss": 52.84592950217635
}