{
  "coref_precision": 0.646465139417599,
  "coref_recall": 0.5676428736477755,
  "coref_f1": 0.6044940345627355,
  "mention_recall": 0.9105392156862745,
  "loss": 1.6301914764721777
}