{
  "coref_precision": 0.7279473017970517,
  "coref_recall": 0.6207404157914763,
  "coref_f1": 0.6700827201840175,
  "mention_recall": 0.8884711779448622,
  "loss": 1.1442229275489741
}