{
  "coref_precision": 0.6046006199516736,
  "coref_recall": 0.5325970308426449,
  "coref_f1": 0.5663192852921529,
  "mention_recall": 0.914004914004914,
  "loss": 2.0584472869825645
}