{
  "coref_precision": 0.7406271523107842,
  "coref_recall": 0.6409293138380604,
  "coref_f1": 0.6871802995816682,
  "mention_recall": 0.8920953575909661,
  "loss": 1.0688590367194053
}