{
  "coref_precision": 0.7353705083043346,
  "coref_recall": 0.6819274090107422,
  "coref_f1": 0.7076386617147737,
  "mention_recall": 0.9252450980392157,
  "loss": 1.1391629734939315
}