{
  "coref_precision": 0.6955587376908099,
  "coref_recall": 0.5762896151048772,
  "coref_f1": 0.6300517718907607,
  "mention_recall": 0.9051811374215746,
  "loss": 53.79903591027645
}