{
  "coref_precision": 0.5804341793525714,
  "coref_recall": 0.49293321939957185,
  "coref_f1": 0.5331167533319564,
  "mention_recall": 0.8947368421052632,
  "loss": 1.7773029551461057
}