{
  "coref_precision": 0.8033721880642171,
  "coref_recall": 0.7076411288421092,
  "coref_f1": 0.7524654055155224,
  "mention_recall": 0.9178921568627451,
  "loss": 0.9116897212117339
}