{
  "coref_precision": 0.39036802508393675,
  "coref_recall": 0.3448245693859729,
  "coref_f1": 0.36618187866932966,
  "mention_recall": 0.9152334152334153,
  "loss": 2.6918799134021922
}