{
  "coref_precision": 0.8543272681744565,
  "coref_recall": 0.7848685290310211,
  "coref_f1": 0.818125721745394,
  "mention_recall": 0.9259723964868256,
  "loss": 0.6652139444312836
}