{
  "coref_precision": 0.6906731203618554,
  "coref_recall": 0.572361305128879,
  "coref_f1": 0.6257327751844632,
  "mention_recall": 0.9016899413074276,
  "loss": 57.810244426296926
}