{
  "coref_precision": 0.5995079513286795,
  "coref_recall": 0.5414678234853673,
  "coref_f1": 0.5690113411764286,
  "mention_recall": 0.9213759213759214,
  "loss": 2.035488101827164
}