{
  "coref_precision": 0.7249259456514977,
  "coref_recall": 0.5763857266309573,
  "coref_f1": 0.6421780865841508,
  "mention_recall": 0.8996235884567126,
  "loss": 1.2808044793163755
}