{
  "coref_precision": 0.6548579477431596,
  "coref_recall": 0.5860115510850804,
  "coref_f1": 0.6185227669172922,
  "mention_recall": 0.9313725490196079,
  "loss": 1.7185133635102827
}