{
  "coref_precision": 0.7424187498402475,
  "coref_recall": 0.598579745005511,
  "coref_f1": 0.662784394353198,
  "mention_recall": 0.8984962406015038,
  "loss": 1.1929404564053516
}