{
  "coref_precision": 0.6981772191813822,
  "coref_recall": 0.5637293930156592,
  "coref_f1": 0.6234301048393527,
  "mention_recall": 0.9022971058490185,
  "loss": 52.281845021345276
}