{
  "coref_precision": 0.8145222455037712,
  "coref_recall": 0.7122895846767631,
  "coref_f1": 0.7599831527537937,
  "mention_recall": 0.8946047678795483,
  "loss": 0.7349019768545847
}