{
  "coref_precision": 0.5030408105565999,
  "coref_recall": 0.4434985623582115,
  "coref_f1": 0.4713943137139674,
  "mention_recall": 0.9066339066339066,
  "loss": 2.1606311948173214
}