{
  "coref_precision": 0.662436713636631,
  "coref_recall": 0.5893025190747108,
  "coref_f1": 0.6237327208673955,
  "mention_recall": 0.8922305764411027,
  "loss": 1.2672861503018447
}