{
  "coref_precision": 0.7298782670963123,
  "coref_recall": 0.6281587466636487,
  "coref_f1": 0.675204936766291,
  "mention_recall": 0.8982843137254902,
  "loss": 1.028275284518525
}