{
  "coref_precision": 0.6937859328068462,
  "coref_recall": 0.5685914631539325,
  "coref_f1": 0.6245968540728751,
  "mention_recall": 0.903966808338393,
  "loss": 52.57288232095133
}