{
  "coref_precision": 0.6969335021640147,
  "coref_recall": 0.572358886681762,
  "coref_f1": 0.6281982438065367,
  "mention_recall": 0.905940093098563,
  "loss": 52.81031680531832
}