{
  "coref_precision": 0.6906121121415123,
  "coref_recall": 0.613184364654953,
  "coref_f1": 0.6495943321262349,
  "mention_recall": 0.9191176470588235,
  "loss": 1.1996992126475645
}