{
  "coref_precision": 0.6492742062183272,
  "coref_recall": 0.534616571203374,
  "coref_f1": 0.5863931924810022,
  "mention_recall": 0.8834586466165414,
  "loss": 1.300406143006684
}