{
  "coref_precision": 0.5532287139028712,
  "coref_recall": 0.4932271186657151,
  "coref_f1": 0.5215012001582049,
  "mention_recall": 0.9152334152334153,
  "loss": 1.8204195091713715
}