{
  "coref_precision": 0.7530269526754996,
  "coref_recall": 0.6294017676975746,
  "coref_f1": 0.6856827434844338,
  "mention_recall": 0.890840652446675,
  "loss": 0.9623177508433125
}