Config: 6b and False and 1000000
Result: (0.9649005727548193, 1.1825340816875163, 0.008236208236208237)
0.04082687821653154