Config: 7 and False and 1000000
Result: (0.16958821266684745, 1.0604818924333652, 0.01655011655011655)
0.04060022162066566