Config: 8 and False and 1000000
Result: (0.15168492479046153, 0.9470154204913962, 0.03076923076923077)
0.04118989964326223