{
  "coref_precision": 0.6901794964787241,
  "coref_recall": 0.5705306723981272,
  "coref_f1": 0.6243629615488562,
  "mention_recall": 0.9051811374215746,
  "loss": 51.97226374626699
}