{
  "coref_precision": 0.676294100477107,
  "coref_recall": 0.59094439964538,
  "coref_f1": 0.6307246192853655,
  "mention_recall": 0.9117647058823529,
  "loss": 1.3383027691506133
}