{
  "coref_precision": 0.6142211414231763,
  "coref_recall": 0.49644063737412775,
  "coref_f1": 0.5490858479120487,
  "mention_recall": 0.8984962406015038,
  "loss": 1.7956543824965607
}