{
  "coref_precision": 0.5301840014504363,
  "coref_recall": 0.4633440058878655,
  "coref_f1": 0.4945038758223461,
  "mention_recall": 0.9115479115479116,
  "loss": 2.09712308815498
}