{
  "coref_precision": 0.705411502241437,
  "coref_recall": 0.5631148975189282,
  "coref_f1": 0.62628127359823,
  "mention_recall": 0.8996235884567126,
  "loss": 1.2504909489289666
}