{
  "coref_precision": 0.7007621171457893,
  "coref_recall": 0.5679318958366765,
  "coref_f1": 0.6271217531373768,
  "mention_recall": 0.9002732240437158,
  "loss": 55.55166973466931
}