{
  "coref_precision": 0.6762062628974381,
  "coref_recall": 0.5841431560206108,
  "coref_f1": 0.6268092608271841,
  "mention_recall": 0.9047619047619048,
  "loss": 1.3396987407673757
}