{
  "coref_precision": 0.5286828729459941,
  "coref_recall": 0.4707945585138567,
  "coref_f1": 0.4980601901290674,
  "mention_recall": 0.9103194103194103,
  "loss": 1.99664711895183
}