{
  "coref_precision": 0.7191531197791821,
  "coref_recall": 0.6414786874345698,
  "coref_f1": 0.678098727736992,
  "mention_recall": 0.9117647058823529,
  "loss": 1.183646458526372
}