{
  "coref_precision": 0.7522760045416753,
  "coref_recall": 0.644621667845603,
  "coref_f1": 0.6943004269849907,
  "mention_recall": 0.9058971141781681,
  "loss": 1.0846225535190765
}