{
  "coref_precision": 0.6969002632211035,
  "coref_recall": 0.581767074317801,
  "coref_f1": 0.6339392267136295,
  "mention_recall": 0.9011333738109695,
  "loss": 52.355212536733795
}