{
  "coref_precision": 0.686982416613369,
  "coref_recall": 0.6136526917164172,
  "coref_f1": 0.6482391347553808,
  "mention_recall": 0.9093137254901961,
  "loss": 1.499029116029636
}