{
  "coref_precision": 0.6987919363809613,
  "coref_recall": 0.5700514840928622,
  "coref_f1": 0.6276393428298274,
  "mention_recall": 0.9040174053835256,
  "loss": 55.853699355538076
}