{
  "coref_precision": 0.6802373934414562,
  "coref_recall": 0.5860634236859726,
  "coref_f1": 0.6296479530416988,
  "mention_recall": 0.9154411764705882,
  "loss": 1.2582441591680806
}