{
  "coref_precision": 0.6454402710492397,
  "coref_recall": 0.548852664602861,
  "coref_f1": 0.5932406160739995,
  "mention_recall": 0.8972431077694235,
  "loss": 1.431740171629382
}