{
  "coref_precision": 0.7618570015970457,
  "coref_recall": 0.642523904710424,
  "coref_f1": 0.697119562715118,
  "mention_recall": 0.8933500627352572,
  "loss": 0.8726796506260776
}