{
  "coref_precision": 0.5623180999481026,
  "coref_recall": 0.49448607299484487,
  "coref_f1": 0.5262227320836246,
  "mention_recall": 0.9176904176904177,
  "loss": 1.9865907585303533
}