{
  "coref_precision": 0.6920773550168694,
  "coref_recall": 0.5728862126946258,
  "coref_f1": 0.6266074506075004,
  "mention_recall": 0.9049281521959117,
  "loss": 52.676150938442134
}