{
  "coref_precision": 0.8031066196755866,
  "coref_recall": 0.7542784934992152,
  "coref_f1": 0.7779261983217619,
  "mention_recall": 0.9347553324968633,
  "loss": 0.8066506161426515
}