{
  "coref_precision": 0.5192443554726284,
  "coref_recall": 0.4836480020690546,
  "coref_f1": 0.5008134797558789,
  "mention_recall": 0.9262899262899262,
  "loss": 1.9956191301367099
}