{
  "coref_precision": 0.6933919104345613,
  "coref_recall": 0.5726915364207393,
  "coref_f1": 0.6270332929537358,
  "mention_recall": 0.9035620319773325,
  "loss": 51.88877278562614
}