{
  "coref_precision": 0.6855716823120014,
  "coref_recall": 0.6089925869337635,
  "coref_f1": 0.6450158818471028,
  "mention_recall": 0.9068627450980392,
  "loss": 1.238303444844067
}