{
  "coref_precision": 0.6673134452177177,
  "coref_recall": 0.5708807831680313,
  "coref_f1": 0.615341864868145,
  "mention_recall": 0.8759398496240601,
  "loss": 1.0455716071968528
}