{
  "coref_precision": 0.785617999134657,
  "coref_recall": 0.6624446176212933,
  "coref_f1": 0.7187782819332282,
  "mention_recall": 0.8833124215809285,
  "loss": 0.7558866247004379
}