{
  "coref_precision": 0.5540380978593077,
  "coref_recall": 0.490071371211722,
  "coref_f1": 0.5200938467460325,
  "mention_recall": 0.9041769041769042,
  "loss": 1.7830580989479352
}