Config: 7 and False and 1000000
Result: (-1.2115420308586922, -1.8633421081359087, 0.9999222999223)
0.03977668397956424