Config: 8 and False and 1000000
Result: (-3.0967265872101644, -1.978171065891118, 0.9999222999223)
0.03955720795525445