Config: 6b and False and 1000000
Result: (0.07481534199675666, 0.11047985465608554, 0.41763791763791763)
0.04038601670000288