{
  "coref_precision": 0.6935680139092429,
  "coref_recall": 0.5675609371102289,
  "coref_f1": 0.6239935645185269,
  "mention_recall": 0.9056871078729002,
  "loss": 52.15904354164109
}