{
  "coref_precision": 0.7537935608611703,
  "coref_recall": 0.6670409156928766,
  "coref_f1": 0.7077580218335106,
  "mention_recall": 0.9191176470588235,
  "loss": 0.9499451348570856
}