{
  "coref_precision": 0.7623849691395909,
  "coref_recall": 0.6293610003418763,
  "coref_f1": 0.6895157177824255,
  "mention_recall": 0.8845671267252195,
  "loss": 0.945963064404423
}