{
  "coref_precision": 0.4939145308179714,
  "coref_recall": 0.4421800189344048,
  "coref_f1": 0.4666127831128037,
  "mention_recall": 0.9176904176904177,
  "loss": 2.2067757506628176
}