{
  "coref_precision": 0.5314151068223248,
  "coref_recall": 0.4418764541637022,
  "coref_f1": 0.4825247322337263,
  "mention_recall": 0.8822055137844611,
  "loss": 1.7084844886729833
}