{
  "coref_precision": 0.6974233767171084,
  "coref_recall": 0.5769128831848273,
  "coref_f1": 0.6312609185826435,
  "mention_recall": 0.904320987654321,
  "loss": 52.8223456101112
}