{
  "coref_precision": 0.7857158585119315,
  "coref_recall": 0.602611767730339,
  "coref_f1": 0.6820874381554591,
  "mention_recall": 0.9096612296110415,
  "loss": 1.073724056108736
}