{
  "coref_precision": 0.47492667053093535,
  "coref_recall": 0.414401847735181,
  "coref_f1": 0.4426030100967108,
  "mention_recall": 0.9238329238329238,
  "loss": 2.2652288065777557
}