{
  "coref_precision": 0.6910338284190648,
  "coref_recall": 0.5802183972354343,
  "coref_f1": 0.6306458342147278,
  "mention_recall": 0.9040174053835256,
  "loss": 53.59600416895326
}