{
  "coref_precision": 0.5588975189985855,
  "coref_recall": 0.5352325211974335,
  "coref_f1": 0.546808953334725,
  "mention_recall": 0.9385749385749386,
  "loss": 2.0976670155821444
}