{
  "coref_precision": 0.7497954438423008,
  "coref_recall": 0.69372431659137,
  "coref_f1": 0.7206661509045015,
  "mention_recall": 0.93099121706399,
  "loss": 1.1727125067083892
}