{
  "coref_precision": 0.7014480048563697,
  "coref_recall": 0.6660312862518745,
  "coref_f1": 0.6832779520703464,
  "mention_recall": 0.9399509803921569,
  "loss": 1.2996941258201093
}