{
  "coref_precision": 0.6926574437125558,
  "coref_recall": 0.6447570632697629,
  "coref_f1": 0.6678470941426183,
  "mention_recall": 0.9260651629072681,
  "loss": 1.4195942793988157
}