{
  "coref_precision": 0.6907979791751485,
  "coref_recall": 0.5807764299548942,
  "coref_f1": 0.6308646030284488,
  "mention_recall": 0.8993118801861971,
  "loss": 51.26987460220029
}