{
  "coref_precision": 0.5945004648799289,
  "coref_recall": 0.49075287280969393,
  "coref_f1": 0.5376666064798244,
  "mention_recall": 0.9010025062656641,
  "loss": 1.6288537158203495
}