{
  "coref_precision": 0.7327995504986656,
  "coref_recall": 0.6203725390316629,
  "coref_f1": 0.6719150968908935,
  "mention_recall": 0.9096612296110415,
  "loss": 1.073702478079074
}