{
  "coref_precision": 0.7255684604465092,
  "coref_recall": 0.6553761235133785,
  "coref_f1": 0.6886841226757943,
  "mention_recall": 0.9313725490196079,
  "loss": 1.0765137697779192
}