{
  "coref_precision": 0.499813362471486,
  "coref_recall": 0.44320951733232433,
  "coref_f1": 0.4698016041703566,
  "mention_recall": 0.9262899262899262,
  "loss": 2.0786998211344
}