{
  "coref_precision": 0.607134678504066,
  "coref_recall": 0.5231926902979535,
  "coref_f1": 0.5620287708306038,
  "mention_recall": 0.8968058968058968,
  "loss": 1.564681095946947
}