{
  "coref_precision": 0.6204169671485741,
  "coref_recall": 0.5353694508106273,
  "coref_f1": 0.5747416843255039,
  "mention_recall": 0.9031862745098039,
  "loss": 1.5566315199561132
}