{
  "coref_precision": 0.7310883325967472,
  "coref_recall": 0.5728159725410314,
  "coref_f1": 0.6423434031535326,
  "mention_recall": 0.8822055137844611,
  "loss": 1.0734024481425848
}