{
  "coref_precision": 0.5131658420187443,
  "coref_recall": 0.4677758300565317,
  "coref_f1": 0.48941429640709905,
  "mention_recall": 0.9164619164619164,
  "loss": 2.296894157322971
}