{
  "coref_precision": 0.688089524865044,
  "coref_recall": 0.5817080041862922,
  "coref_f1": 0.6303497049674652,
  "mention_recall": 0.8995142683667274,
  "loss": 53.76145945283735
}