{
  "coref_precision": 0.5119663671939871,
  "coref_recall": 0.4642952761373813,
  "coref_f1": 0.4869669033611985,
  "mention_recall": 0.9103194103194103,
  "loss": 2.0847719723815983
}