{
  "coref_precision": 0.8005340934654351,
  "coref_recall": 0.6781788486908528,
  "coref_f1": 0.7342921884988329,
  "mention_recall": 0.8795483061480552,
  "loss": 0.7906137289392982
}