{
  "coref_precision": 0.7087764696728458,
  "coref_recall": 0.637106829263692,
  "coref_f1": 0.6710332477493791,
  "mention_recall": 0.9105392156862745,
  "loss": 1.1173586534592808
}