{
  "coref_precision": 0.7453894024637764,
  "coref_recall": 0.6252393918864199,
  "coref_f1": 0.6800469571534787,
  "mention_recall": 0.8709273182957393,
  "loss": 0.9042097082075953
}