{
  "coref_precision": 0.6523320439286826,
  "coref_recall": 0.5895197031161944,
  "coref_f1": 0.6193367157163215,
  "mention_recall": 0.9201474201474201,
  "loss": 1.3490224431379907
}