{
  "coref_precision": 0.7763634773176578,
  "coref_recall": 0.7052330056257786,
  "coref_f1": 0.7390907131414145,
  "mention_recall": 0.9223057644110275,
  "loss": 0.9490840186091212
}