{
  "coref_precision": 0.8338574057458672,
  "coref_recall": 0.6806016012864012,
  "coref_f1": 0.7494745215753217,
  "mention_recall": 0.8958594730238394,
  "loss": 0.6533243791116407
}