{
  "coref_precision": 0.5470457750767511,
  "coref_recall": 0.48576866340024233,
  "coref_f1": 0.5145889300572776,
  "mention_recall": 0.9115479115479116,
  "loss": 1.7453707087014096
}