{
  "coref_precision": 0.8158263761086829,
  "coref_recall": 0.6578754760412262,
  "coref_f1": 0.7283858781278054,
  "mention_recall": 0.8947368421052632,
  "loss": 0.6852864336876092
}