{
  "coref_precision": 0.6939718972306573,
  "coref_recall": 0.617744261004065,
  "coref_f1": 0.6536381356383308,
  "mention_recall": 0.9129901960784313,
  "loss": 1.2528930920491321
}