{
  "coref_precision": 0.6876266559825743,
  "coref_recall": 0.5780900915991545,
  "coref_f1": 0.6278846110653649,
  "mention_recall": 0.9039162112932605,
  "loss": 53.268960822518146
}