{
  "coref_precision": 0.5289730018532822,
  "coref_recall": 0.44848301251810013,
  "coref_f1": 0.48540416229988725,
  "mention_recall": 0.8992628992628993,
  "loss": 2.1881272185805782
}