{
  "coref_precision": 0.7694860020488137,
  "coref_recall": 0.6572322323034158,
  "coref_f1": 0.7089429097074874,
  "mention_recall": 0.903387703889586,
  "loss": 1.0338890670739702
}