{
  "coref_precision": 0.7256270178234404,
  "coref_recall": 0.5958148801825156,
  "coref_f1": 0.6543439680692326,
  "mention_recall": 0.8947368421052632,
  "loss": 1.2435629360625975
}