{
  "coref_precision": 0.6876169286354963,
  "coref_recall": 0.5840160474964396,
  "coref_f1": 0.6315684357347118,
  "mention_recall": 0.8946078431372549,
  "loss": 1.36022196732492
}