{
  "coref_precision": 0.5071914667393171,
  "coref_recall": 0.46662974777009864,
  "coref_f1": 0.4860636994591241,
  "mention_recall": 0.9299754299754299,
  "loss": 2.2093132166671854
}