{
  "coref_precision": 0.7915311016265084,
  "coref_recall": 0.6880851968149408,
  "coref_f1": 0.7361824391841996,
  "mention_recall": 0.9109159347553325,
  "loss": 0.8921492037926951
}