{
  "coref_precision": 0.6965858868504776,
  "coref_recall": 0.6002449588466869,
  "coref_f1": 0.6448363653695297,
  "mention_recall": 0.9135338345864662,
  "loss": 1.2180048988962198
}