{
  "coref_precision": 0.6946881806700982,
  "coref_recall": 0.5742217121665673,
  "coref_f1": 0.6285507231638171,
  "mention_recall": 0.9041691965189232,
  "loss": 51.514068896304174
}