{
  "coref_precision": 0.7238504794405621,
  "coref_recall": 0.6542540248422601,
  "coref_f1": 0.6872873169458994,
  "mention_recall": 0.9325980392156863,
  "loss": 0.9471004687657114
}