{
  "coref_precision": 0.5475671893771342,
  "coref_recall": 0.49882969093495405,
  "coref_f1": 0.5220597774754477,
  "mention_recall": 0.9299754299754299,
  "loss": 1.8379699869447055
}