{
  "coref_precision": 0.7401892620940992,
  "coref_recall": 0.6407600835454508,
  "coref_f1": 0.6868945182072798,
  "mention_recall": 0.8946047678795483,
  "loss": 0.8547063076267556
}