{
  "coref_precision": 0.6114968931295461,
  "coref_recall": 0.5311194905198571,
  "coref_f1": 0.5684803710407863,
  "mention_recall": 0.8922305764411027,
  "loss": 1.2237316196521275
}