{
  "coref_precision": 0.6891653217241104,
  "coref_recall": 0.5802596572855988,
  "coref_f1": 0.6299017571949278,
  "mention_recall": 0.9027524792552115,
  "loss": 53.22153677102901
}