{
  "coref_precision": 0.5227805594485536,
  "coref_recall": 0.4768061921570694,
  "coref_f1": 0.4987335033256432,
  "mention_recall": 0.9262899262899262,
  "loss": 2.232674678928129
}