{
  "coref_precision": 0.6553488059093934,
  "coref_recall": 0.5802851100073853,
  "coref_f1": 0.615536811984143,
  "mention_recall": 0.917189460476788,
  "loss": 1.6359538761941985
}