{
  "coref_precision": 0.6996146160474147,
  "coref_recall": 0.6365820907487575,
  "coref_f1": 0.6666059607273914,
  "mention_recall": 0.9240196078431373,
  "loss": 1.356907529990562
}