{
  "coref_precision": 0.6058869886978226,
  "coref_recall": 0.5238093821165305,
  "coref_f1": 0.5618661881701347,
  "mention_recall": 0.9085213032581454,
  "loss": 1.8896544982367318
}