{
  "coref_precision": 0.5919173700791188,
  "coref_recall": 0.49505074876245336,
  "coref_f1": 0.5391672473166315,
  "mention_recall": 0.8847117794486216,
  "loss": 1.78145325265694
}