{
  "coref_precision": 0.855457839435985,
  "coref_recall": 0.7143691148856247,
  "coref_f1": 0.7785730867066581,
  "mention_recall": 0.8933500627352572,
  "loss": 0.6420037325418902
}