{
  "coref_precision": 0.6970731112761023,
  "coref_recall": 0.5694874483583526,
  "coref_f1": 0.626613085901987,
  "mention_recall": 0.8996154624569925,
  "loss": 58.211823050462606
}