{
  "coref_precision": 0.6162565111957923,
  "coref_recall": 0.5427835915987265,
  "coref_f1": 0.5771912454250794,
  "mention_recall": 0.8959899749373433,
  "loss": 1.7859558467341095
}