{
  "coref_precision": 0.6924013502569192,
  "coref_recall": 0.6247927453809806,
  "coref_f1": 0.6568597868899718,
  "mention_recall": 0.9142156862745098,
  "loss": 1.5981136142505767
}