{
  "coref_precision": 0.7210756252772539,
  "coref_recall": 0.6278272879937633,
  "coref_f1": 0.6712277410012067,
  "mention_recall": 0.9008782936010038,
  "loss": 1.3466746848386528
}