{
  "coref_precision": 0.5633007394780247,
  "coref_recall": 0.5127043311253837,
  "coref_f1": 0.5368127153903373,
  "mention_recall": 0.9164619164619164,
  "loss": 2.5314873368549207
}