{
  "coref_precision": 0.6845211853510323,
  "coref_recall": 0.5744449052086216,
  "coref_f1": 0.6245145817410388,
  "mention_recall": 0.9012851649463671,
  "loss": 53.71215179808513
}