{
  "coref_precision": 0.49523264523996163,
  "coref_recall": 0.4453196418108698,
  "coref_f1": 0.4689514638554015,
  "mention_recall": 0.914004914004914,
  "loss": 2.3288796846369064
}