{
  "coref_precision": 0.6122568392569098,
  "coref_recall": 0.5359750197142185,
  "coref_f1": 0.5715560848483122,
  "mention_recall": 0.893483709273183,
  "loss": 1.393513982562334
}