{
  "coref_precision": 0.706890973175852,
  "coref_recall": 0.643141793754539,
  "coref_f1": 0.673510881042758,
  "mention_recall": 0.9154411764705882,
  "loss": 1.1913617517158803
}