{
  "coref_precision": 0.5263040038911746,
  "coref_recall": 0.4759763750991821,
  "coref_f1": 0.4998731456588577,
  "mention_recall": 0.914004914004914,
  "loss": 1.9358093569894081
}