{
  "coref_precision": 0.7447389717404272,
  "coref_recall": 0.6439509336194851,
  "coref_f1": 0.6906515720341796,
  "mention_recall": 0.8946047678795483,
  "loss": 0.9414274285530662
}