{
  "coref_precision": 0.7000019569291722,
  "coref_recall": 0.5774346590797776,
  "coref_f1": 0.6326603752065608,
  "mention_recall": 0.9052317344667071,
  "loss": 53.878046755280195
}