{
  "coref_precision": 0.7224531669853732,
  "coref_recall": 0.5629132192761415,
  "coref_f1": 0.6327799627183972,
  "mention_recall": 0.8759398496240601,
  "loss": 1.0399802965450482
}