{
  "coref_precision": 0.7624948219190596,
  "coref_recall": 0.6065955361038701,
  "coref_f1": 0.6756652292962017,
  "mention_recall": 0.8808030112923463,
  "loss": 0.8898647518913203
}