{
  "coref_precision": 0.6811602975117635,
  "coref_recall": 0.6043886578200304,
  "coref_f1": 0.6404765900413336,
  "mention_recall": 0.9105392156862745,
  "loss": 1.1589045593421003
}