{
  "coref_precision": 0.6944954128464015,
  "coref_recall": 0.577448806779284,
  "coref_f1": 0.630390240066946,
  "mention_recall": 0.906648451730419,
  "loss": 53.46990440377227
}