{
  "coref_precision": 0.695845321319907,
  "coref_recall": 0.6092013741523545,
  "coref_f1": 0.6496380710248817,
  "mention_recall": 0.9129901960784313,
  "loss": 1.3639165613531559
}