{
  "coref_precision": 0.6191340490557016,
  "coref_recall": 0.5054727596165145,
  "coref_f1": 0.5565571422057807,
  "mention_recall": 0.9072681704260651,
  "loss": 1.7596128364476424
}