{
  "coref_precision": 0.6892535519456279,
  "coref_recall": 0.580449006939661,
  "coref_f1": 0.6300765997619266,
  "mention_recall": 0.8997166565472576,
  "loss": 50.84450482422635
}