{
  "coref_precision": 0.55409013339281,
  "coref_recall": 0.5375473958807292,
  "coref_f1": 0.5456924403476512,
  "mention_recall": 0.941031941031941,
  "loss": 1.7482528184498898
}