{
  "coref_precision": 0.6841648560066808,
  "coref_recall": 0.6614102038121645,
  "coref_f1": 0.6725951070977215,
  "mention_recall": 0.9387254901960784,
  "loss": 1.2579993016205286
}