{
  "coref_precision": 0.755480456693764,
  "coref_recall": 0.696682726506927,
  "coref_f1": 0.7248912052234173,
  "mention_recall": 0.9247176913425345,
  "loss": 0.9989576916312383
}