{
  "coref_precision": 0.6925999099761166,
  "coref_recall": 0.6381899740305083,
  "coref_f1": 0.664279249435071,
  "mention_recall": 0.9235588972431078,
  "loss": 1.216458431033107
}