{
  "coref_precision": 0.6987235564918959,
  "coref_recall": 0.61341744183534,
  "coref_f1": 0.6532952285227275,
  "mention_recall": 0.8933500627352572,
  "loss": 1.112987141324361
}