{
  "coref_precision": 0.5992447881697975,
  "coref_recall": 0.5502977858241015,
  "coref_f1": 0.5737193082683886,
  "mention_recall": 0.9103194103194103,
  "loss": 1.979001443049312
}