{
  "coref_precision": 0.7076461422670213,
  "coref_recall": 0.5662239269406099,
  "coref_f1": 0.6287835503013305,
  "mention_recall": 0.9033596437968022,
  "loss": 51.04538892547134
}