{
  "coref_precision": 0.6021604089827771,
  "coref_recall": 0.5561222834461902,
  "coref_f1": 0.5782263513404055,
  "mention_recall": 0.9110275689223057,
  "loss": 1.3765562468138204
}