{
  "coref_precision": 0.7158566581755466,
  "coref_recall": 0.6642517613105849,
  "coref_f1": 0.6890889333858944,
  "mention_recall": 0.9264705882352942,
  "loss": 1.0073106302141246
}