{
  "coref_precision": 0.5122343388698528,
  "coref_recall": 0.47143283634511696,
  "coref_f1": 0.4909872353423377,
  "mention_recall": 0.9213759213759214,
  "loss": 1.8513692034810618
}