{
  "coref_precision": 0.7875708112458231,
  "coref_recall": 0.7161852043696992,
  "coref_f1": 0.7501835397943468,
  "mention_recall": 0.9109159347553325,
  "loss": 0.795651616762793
}