{
  "coref_precision": 0.6919826483003658,
  "coref_recall": 0.5793959030672876,
  "coref_f1": 0.6305613908825957,
  "mention_recall": 0.9032584497065371,
  "loss": 52.29309218978488
}