{
  "coref_precision": 0.7749064064458998,
  "coref_recall": 0.6708318145593056,
  "coref_f1": 0.7191223872175271,
  "mention_recall": 0.9146800501882058,
  "loss": 0.8927702610328401
}