{
  "coref_precision": 0.6785043182381415,
  "coref_recall": 0.5755619607085959,
  "coref_f1": 0.6228080253784897,
  "mention_recall": 0.9110275689223057,
  "loss": 1.423703286145949
}