{
  "coref_precision": 0.7502503718809251,
  "coref_recall": 0.6882742575144537,
  "coref_f1": 0.7179249064186876,
  "mention_recall": 0.9301470588235294,
  "loss": 1.1211300030254105
}