{
  "coref_precision": 0.5034698715794605,
  "coref_recall": 0.463785555890819,
  "coref_f1": 0.48281359771817756,
  "mention_recall": 0.9262899262899262,
  "loss": 2.1614494164440465
}