{
  "coref_precision": 0.6916795565126952,
  "coref_recall": 0.5754704514519732,
  "coref_f1": 0.6280713660271764,
  "mention_recall": 0.897237401335762,
  "loss": 52.144016678166714
}