{
  "coref_precision": 0.6588369825497197,
  "coref_recall": 0.6098704128115893,
  "coref_f1": 0.6334043448443226,
  "mention_recall": 0.9301470588235294,
  "loss": 1.492626134539317
}