{
  "coref_precision": 0.553275981408866,
  "coref_recall": 0.5124356413830097,
  "coref_f1": 0.5320696479789477,
  "mention_recall": 0.9299754299754299,
  "loss": 2.07511925263052
}