{
  "coref_precision": 0.7284299596784501,
  "coref_recall": 0.5883175835953083,
  "coref_f1": 0.650919164352175,
  "mention_recall": 0.9008782936010038,
  "loss": 1.15941420874026
}