{
  "coref_precision": 0.6157379384519731,
  "coref_recall": 0.504170799378969,
  "coref_f1": 0.554396547779309,
  "mention_recall": 0.9010025062656641,
  "loss": 1.638102599566424
}