{
  "coref_precision": 0.6943282039244596,
  "coref_recall": 0.5807898718262798,
  "coref_f1": 0.6323375038875726,
  "mention_recall": 0.8970856102003643,
  "loss": 52.17204639346114
}