{
  "coref_precision": 0.6860316657456588,
  "coref_recall": 0.5940135067608404,
  "coref_f1": 0.6366336076276197,
  "mention_recall": 0.9008297915401741,
  "loss": 51.7580041027462
}