{
  "coref_precision": 0.846132759880121,
  "coref_recall": 0.6630142770605603,
  "coref_f1": 0.7434632627276984,
  "mention_recall": 0.8946047678795483,
  "loss": 0.7956898979244039
}