{
  "coref_precision": 0.6234027502904115,
  "coref_recall": 0.5643168378462495,
  "coref_f1": 0.5923807991946677,
  "mention_recall": 0.9166666666666666,
  "loss": 1.513417236564842
}