{
  "coref_precision": 0.7399325703154792,
  "coref_recall": 0.619258363759542,
  "coref_f1": 0.674238195549879,
  "mention_recall": 0.9035087719298246,
  "loss": 1.1326142773926857
}