{
  "coref_precision": 0.8260500411116376,
  "coref_recall": 0.7265520719596479,
  "coref_f1": 0.7731111170125939,
  "mention_recall": 0.9096612296110415,
  "loss": 0.8043163409194373
}