{
  "coref_precision": 0.5841791110414111,
  "coref_recall": 0.5243528217212428,
  "coref_f1": 0.5526422017293592,
  "mention_recall": 0.9103194103194103,
  "loss": 1.7704495766889181
}