{
  "coref_precision": 0.7703426800830769,
  "coref_recall": 0.599171785562202,
  "coref_f1": 0.674059203523229,
  "mention_recall": 0.8909774436090225,
  "loss": 1.0409252060595988
}