{
  "coref_precision": 0.7332690015706257,
  "coref_recall": 0.6873969032057268,
  "coref_f1": 0.7095923163977068,
  "mention_recall": 0.9350490196078431,
  "loss": 1.2037123976297888
}