{
  "coref_precision": 0.490823206092545,
  "coref_recall": 0.46716305619814386,
  "coref_f1": 0.4787009343268993,
  "mention_recall": 0.9385749385749386,
  "loss": 2.4261072791992
}