{
  "coref_precision": 0.739861977619654,
  "coref_recall": 0.635442698031072,
  "coref_f1": 0.6836872710413955,
  "mention_recall": 0.8984962406015038,
  "loss": 0.8625014961690154
}