{
  "coref_precision": 0.6475006125038103,
  "coref_recall": 0.6203366531797904,
  "coref_f1": 0.6336236291083939,
  "mention_recall": 0.928921568627451,
  "loss": 1.399971620058695
}