{
  "coref_precision": 0.6877371851401621,
  "coref_recall": 0.5823488444760336,
  "coref_f1": 0.6305349291164092,
  "mention_recall": 0.9010321797207043,
  "loss": 54.71920070405374
}