{
  "coref_precision": 0.7004596630092187,
  "coref_recall": 0.576695348882854,
  "coref_f1": 0.6324126441517784,
  "mention_recall": 0.901993523578223,
  "loss": 51.79098905562744
}