{
  "coref_precision": 0.7109039441849264,
  "coref_recall": 0.5513462018965826,
  "coref_f1": 0.6210391173478204,
  "mention_recall": 0.8933500627352572,
  "loss": 1.1962322981996076
}