{
  "coref_precision": 0.6775117668043565,
  "coref_recall": 0.6078583453583453,
  "coref_f1": 0.6407977525806016,
  "mention_recall": 0.9313725490196079,
  "loss": 1.3694080903206494
}