{
  "coref_precision": 0.757052655766858,
  "coref_recall": 0.6665624908574623,
  "coref_f1": 0.7089310234471871,
  "mention_recall": 0.9058971141781681,
  "loss": 1.1551013335179825
}