{
  "coref_precision": 0.7314851487495609,
  "coref_recall": 0.6780884239217572,
  "coref_f1": 0.7037747481214125,
  "mention_recall": 0.9399509803921569,
  "loss": 1.257656962388791
}