{
  "coref_precision": 0.5673168398202598,
  "coref_recall": 0.5091230385090033,
  "coref_f1": 0.5366449666463496,
  "mention_recall": 0.9299754299754299,
  "loss": 2.0671743267899068
}