{
  "coref_precision": 0.4979897590838512,
  "coref_recall": 0.45627477557302115,
  "coref_f1": 0.47622046838779175,
  "mention_recall": 0.9361179361179361,
  "loss": 2.4871288145445716
}