{
  "coref_precision": 0.5694158137726203,
  "coref_recall": 0.4368046699743478,
  "coref_f1": 0.49437134841831093,
  "mention_recall": 0.8897243107769424,
  "loss": 1.8516504342898934
}