{
  "coref_precision": 0.6724245369143329,
  "coref_recall": 0.5838490706388061,
  "coref_f1": 0.6250135342491526,
  "mention_recall": 0.9072681704260651,
  "loss": 1.6329465201084168
}