{
  "coref_precision": 0.6984511821374292,
  "coref_recall": 0.5730566219760845,
  "coref_f1": 0.6293940316585036,
  "mention_recall": 0.8993118801861971,
  "loss": 54.49096130668209
}