{
  "coref_precision": 0.8179088035989016,
  "coref_recall": 0.6487478161812558,
  "coref_f1": 0.7235716559871205,
  "mention_recall": 0.8845671267252195,
  "loss": 0.8286942783754596
}