{
  "coref_precision": 0.7467942827888793,
  "coref_recall": 0.5950373351590947,
  "coref_f1": 0.6623339767285494,
  "mention_recall": 0.8834586466165414,
  "loss": 1.0031646074400573
}