{
  "coref_precision": 0.6853822716262176,
  "coref_recall": 0.5961770482603816,
  "coref_f1": 0.6376745852095219,
  "mention_recall": 0.8982843137254902,
  "loss": 1.3203868971471564
}