{
  "coref_precision": 0.693462559571822,
  "coref_recall": 0.5771486675136765,
  "coref_f1": 0.6297658046213945,
  "mention_recall": 0.9060918842339607,
  "loss": 53.21678907773725
}