{
  "coref_precision": 0.7182123847786643,
  "coref_recall": 0.6251296225560932,
  "coref_f1": 0.6684300019833644,
  "mention_recall": 0.9019607843137255,
  "loss": 1.348341977198819
}