{
  "coref_precision": 0.6955155598436075,
  "coref_recall": 0.5734474209002283,
  "coref_f1": 0.6284143234127684,
  "mention_recall": 0.9056365108277676,
  "loss": 53.632354884635895
}