{
  "coref_precision": 0.6396908265031805,
  "coref_recall": 0.5448606156579449,
  "coref_f1": 0.5884773906254368,
  "mention_recall": 0.9110275689223057,
  "loss": 1.52052171119393
}