{
  "coref_precision": 0.7656707897795805,
  "coref_recall": 0.6791223391713589,
  "coref_f1": 0.7197925055105207,
  "mention_recall": 0.9178921568627451,
  "loss": 1.0138145149507287
}