{
  "coref_precision": 0.4688322437219285,
  "coref_recall": 0.41395701922017714,
  "coref_f1": 0.43968081039270396,
  "mention_recall": 0.9078624078624079,
  "loss": 2.2702579112861843
}