{
  "coref_precision": 0.8019704553474684,
  "coref_recall": 0.6880036621035442,
  "coref_f1": 0.740628363173796,
  "mention_recall": 0.9058971141781681,
  "loss": 0.8855029097269976
}