{
  "coref_precision": 0.684949460156811,
  "coref_recall": 0.5850712717540693,
  "coref_f1": 0.6310114968676207,
  "mention_recall": 0.9052317344667071,
  "loss": 51.679626816527744
}