{
  "coref_precision": 0.6646104984303259,
  "coref_recall": 0.6390940803931001,
  "coref_f1": 0.6516022656007691,
  "mention_recall": 0.9424019607843137,
  "loss": 1.3311584511853156
}