{
  "coref_precision": 0.6845685122310082,
  "coref_recall": 0.5981460888766467,
  "coref_f1": 0.638442475545152,
  "mention_recall": 0.9047619047619048,
  "loss": 1.196256074618605
}