{
  "coref_precision": 0.7888659120470923,
  "coref_recall": 0.6902838176250213,
  "coref_f1": 0.7362876864211095,
  "mention_recall": 0.9021329987452948,
  "loss": 0.8474127697185176
}