{
  "coref_precision": 0.5835865090430158,
  "coref_recall": 0.5529937490463807,
  "coref_f1": 0.5678746756912303,
  "mention_recall": 0.9361179361179361,
  "loss": 1.7519054822130948
}