{
  "coref_precision": 0.7005338643022255,
  "coref_recall": 0.5753428061430861,
  "coref_f1": 0.6315520769025957,
  "mention_recall": 0.9042703906091885,
  "loss": 54.32428966401594
}