{
  "coref_precision": 0.6906797479659135,
  "coref_recall": 0.5807335763856791,
  "coref_f1": 0.6308076967821453,
  "mention_recall": 0.9037644201578627,
  "loss": 52.457012782472816
}