{
  "coref_precision": 0.5540494449710871,
  "coref_recall": 0.47331278647068115,
  "coref_f1": 0.5105024019604736,
  "mention_recall": 0.8955773955773956,
  "loss": 1.7793619985884739
}