{
  "coref_precision": 0.7541036635862254,
  "coref_recall": 0.6116946898582052,
  "coref_f1": 0.6754742202136823,
  "mention_recall": 0.877038895859473,
  "loss": 0.9507081796835608
}