{
  "coref_precision": 0.6660129259548708,
  "coref_recall": 0.5613837959426194,
  "coref_f1": 0.6092237207938708,
  "mention_recall": 0.8933823529411765,
  "loss": 1.2141392009168475
}