{
  "coref_precision": 0.6664454362550792,
  "coref_recall": 0.5455553741885243,
  "coref_f1": 0.5999683605160132,
  "mention_recall": 0.8784461152882206,
  "loss": 1.2529812699660712
}