{
  "coref_precision": 0.637500867493052,
  "coref_recall": 0.5360128602720836,
  "coref_f1": 0.5823676044060221,
  "mention_recall": 0.9008782936010038,
  "loss": 1.5530694628921433
}