{
  "coref_precision": 0.6424692241331563,
  "coref_recall": 0.5653587798324641,
  "coref_f1": 0.6014425544681139,
  "mention_recall": 0.9213759213759214,
  "loss": 1.4438969639694632
}