{
  "coref_precision": 0.6279418552998847,
  "coref_recall": 0.5439035833969063,
  "coref_f1": 0.5829093156113044,
  "mention_recall": 0.893483709273183,
  "loss": 1.8081501869477927
}