{
  "coref_precision": 0.6942888942684626,
  "coref_recall": 0.5775751431961765,
  "coref_f1": 0.6303570260767348,
  "mention_recall": 0.9062436753693585,
  "loss": 54.149807437966665
}