{
  "coref_precision": 0.692857251743654,
  "coref_recall": 0.5782298285009265,
  "coref_f1": 0.6302188192257058,
  "mention_recall": 0.9057377049180327,
  "loss": 56.36596603853087
}