{
  "coref_precision": 0.6448434956789604,
  "coref_recall": 0.568409887223713,
  "coref_f1": 0.6042058498749469,
  "mention_recall": 0.8959899749373433,
  "loss": 1.4795712569177284
}