{
  "coref_precision": 0.624446154377837,
  "coref_recall": 0.5439842519499383,
  "coref_f1": 0.5814371791407419,
  "mention_recall": 0.9007352941176471,
  "loss": 1.3805118956729783
}