{
  "coref_precision": 0.6734987045317576,
  "coref_recall": 0.6160809778456837,
  "coref_f1": 0.6434978324292061,
  "mention_recall": 0.9178921568627451,
  "loss": 1.4805328023472597
}