{
  "coref_precision": 0.550760771859414,
  "coref_recall": 0.49990872052275553,
  "coref_f1": 0.5240815052411215,
  "mention_recall": 0.9164619164619164,
  "loss": 2.093699539399821
}