{
  "coref_precision": 0.590041818271459,
  "coref_recall": 0.5140025192656771,
  "coref_f1": 0.5494001753136456,
  "mention_recall": 0.9041769041769042,
  "loss": 1.5779507629254985
}