{
  "coref_precision": 0.667984559708477,
  "coref_recall": 0.5883699699081258,
  "coref_f1": 0.6256428607001516,
  "mention_recall": 0.8946047678795483,
  "loss": 1.4556643597020538
}