{
  "coref_precision": 0.688027564233671,
  "coref_recall": 0.5791359074366975,
  "coref_f1": 0.628705883087892,
  "mention_recall": 0.9025500910746812,
  "loss": 51.81509621828345
}