{
  "coref_precision": 0.793522507746384,
  "coref_recall": 0.6986820552280335,
  "coref_f1": 0.7430882765030762,
  "mention_recall": 0.9096612296110415,
  "loss": 0.8878847282971235
}