{
  "coref_precision": 0.523724834474287,
  "coref_recall": 0.48567666550122685,
  "coref_f1": 0.5039832465452441,
  "mention_recall": 0.9373464373464373,
  "loss": 2.154434040277534
}