{
  "coref_precision": 0.704576036298234,
  "coref_recall": 0.656962481962482,
  "coref_f1": 0.6799366514361965,
  "mention_recall": 0.9350490196078431,
  "loss": 1.1602140907140865
}