{
  "coref_precision": 0.6975666448754266,
  "coref_recall": 0.6167007107698388,
  "coref_f1": 0.6546451778760285,
  "mention_recall": 0.9035087719298246,
  "loss": 1.2749028784098089
}