{
  "coref_precision": 0.6901919347697248,
  "coref_recall": 0.5713597207959696,
  "coref_f1": 0.6249195524026456,
  "mention_recall": 0.9007791944950415,
  "loss": 57.398114008939395
}