{
  "coref_precision": 0.5519500142847191,
  "coref_recall": 0.5038546521002661,
  "coref_f1": 0.5268022500257686,
  "mention_recall": 0.9262899262899262,
  "loss": 2.2342024342083784
}