{
  "coref_precision": 0.708479594812196,
  "coref_recall": 0.6502184543851212,
  "coref_f1": 0.678099713281123,
  "mention_recall": 0.9276960784313726,
  "loss": 1.2155877950871943
}