{
  "coref_precision": 0.6312311337311337,
  "coref_recall": 0.5268555358696757,
  "coref_f1": 0.5743395318844736,
  "mention_recall": 0.8872180451127819,
  "loss": 1.6502348714394999
}