{
  "coref_precision": 0.7290084347333848,
  "coref_recall": 0.5906153018317714,
  "coref_f1": 0.6525549309854973,
  "mention_recall": 0.8845671267252195,
  "loss": 1.1188369358550643
}