{
  "coref_precision": 0.6895883497617543,
  "coref_recall": 0.5809374854062037,
  "coref_f1": 0.6305011340784094,
  "mention_recall": 0.905130540376442,
  "loss": 53.25288361069029
}