{
  "coref_precision": 0.6979713307268467,
  "coref_recall": 0.573463973656522,
  "coref_f1": 0.6293686412094366,
  "mention_recall": 0.9040174053835256,
  "loss": 52.72297622819549
}