{
  "coref_precision": 0.5744577567494233,
  "coref_recall": 0.5085368519579045,
  "coref_f1": 0.5394906564401826,
  "mention_recall": 0.9066339066339066,
  "loss": 1.7603508737406537
}