{
  "coref_precision": 0.6217631375190288,
  "coref_recall": 0.5339132188946695,
  "coref_f1": 0.5744982685136648,
  "mention_recall": 0.8958594730238394,
  "loss": 1.5609230562840166
}