{
  "coref_precision": 0.6615091266537413,
  "coref_recall": 0.5774921837421837,
  "coref_f1": 0.6166503200437252,
  "mention_recall": 0.8982843137254902,
  "loss": 1.3622412895181486
}