{
  "coref_precision": 0.5867228460092108,
  "coref_recall": 0.5321805856893576,
  "coref_f1": 0.5581213078616435,
  "mention_recall": 0.9066339066339066,
  "loss": 1.7181347191938356
}