{
  "coref_precision": 0.6091729270351606,
  "coref_recall": 0.5282474333731207,
  "coref_f1": 0.565831012022398,
  "mention_recall": 0.893483709273183,
  "loss": 1.634592167959141
}