{
  "coref_precision": 0.6378266616014708,
  "coref_recall": 0.5735569396108612,
  "coref_f1": 0.6039862685025931,
  "mention_recall": 0.9031862745098039,
  "loss": 1.4289973485338467
}