{
  "coref_precision": 0.6896685414057785,
  "coref_recall": 0.5798510437521943,
  "coref_f1": 0.6299215655895966,
  "mention_recall": 0.8978445658773527,
  "loss": 52.26823496083529
}