{
  "coref_precision": 0.6873998506655513,
  "coref_recall": 0.5833296380916874,
  "coref_f1": 0.6310062216064816,
  "mention_recall": 0.9008297915401741,
  "loss": 54.01462309983266
}