{
  "coref_precision": 0.6838517313494838,
  "coref_recall": 0.6041118550937875,
  "coref_f1": 0.6415133568565862,
  "mention_recall": 0.9122807017543859,
  "loss": 1.653349245990977
}