{
  "coref_precision": 0.8325135920838634,
  "coref_recall": 0.7094671578660791,
  "coref_f1": 0.7660787767728087,
  "mention_recall": 0.9084065244667503,
  "loss": 0.8254012082544385
}