{
  "coref_precision": 0.5561844797348057,
  "coref_recall": 0.48291593028435126,
  "coref_f1": 0.5169632256180251,
  "mention_recall": 0.9213759213759214,
  "loss": 2.033659640674374
}