{
  "coref_precision": 0.7023651691308777,
  "coref_recall": 0.615335898669232,
  "coref_f1": 0.655972987684115,
  "mention_recall": 0.9227941176470589,
  "loss": 1.2209795259042278
}