{
  "coref_precision": 0.670476849549884,
  "coref_recall": 0.6291727970649538,
  "coref_f1": 0.6491683589377522,
  "mention_recall": 0.9375,
  "loss": 1.7040038585324564
}