{
  "coref_precision": 0.7488207975756064,
  "coref_recall": 0.6599292896493486,
  "coref_f1": 0.701567050261834,
  "mention_recall": 0.9146800501882058,
  "loss": 1.194689980524857
}