{
  "coref_precision": 0.8018902801767686,
  "coref_recall": 0.6553234529864538,
  "coref_f1": 0.721235623667531,
  "mention_recall": 0.8984962406015038,
  "loss": 0.9703707525764261
}