{
  "coref_precision": 0.5520898423114748,
  "coref_recall": 0.5223727714955785,
  "coref_f1": 0.536816694490918,
  "mention_recall": 0.9348894348894349,
  "loss": 2.3145617114883756
}