{
  "coref_precision": 0.6061746436724587,
  "coref_recall": 0.49575291311347874,
  "coref_f1": 0.5454300986129811,
  "mention_recall": 0.8809523809523809,
  "loss": 1.9829330789225148
}