{
  "coref_precision": 0.5229860698010217,
  "coref_recall": 0.4827615152176555,
  "coref_f1": 0.5020673064535731,
  "mention_recall": 0.9312039312039312,
  "loss": 2.321470916392825
}