{
  "coref_precision": 0.7241316606466751,
  "coref_recall": 0.6541493954484151,
  "coref_f1": 0.6873634162505367,
  "mention_recall": 0.9301470588235294,
  "loss": 1.2808533556004302
}