{
  "coref_precision": 0.7182022158211225,
  "coref_recall": 0.597073085802955,
  "coref_f1": 0.6520555286903846,
  "mention_recall": 0.8833124215809285,
  "loss": 1.3133350253149734
}