{
  "coref_precision": 0.6928605042334538,
  "coref_recall": 0.5787350863797871,
  "coref_f1": 0.6305228575575648,
  "mention_recall": 0.9072050192268771,
  "loss": 58.17261523103653
}