{
  "coref_precision": 0.6886747478820707,
  "coref_recall": 0.6097582383121599,
  "coref_f1": 0.6468090875852806,
  "mention_recall": 0.9240196078431373,
  "loss": 1.2618835810932216
}