{
  "coref_precision": 0.6615583664827641,
  "coref_recall": 0.5597352343620999,
  "coref_f1": 0.606402122302866,
  "mention_recall": 0.9085213032581454,
  "loss": 1.6119461249353975
}