{
  "coref_precision": 0.5457926131518716,
  "coref_recall": 0.49081733818575923,
  "coref_f1": 0.5168468088670297,
  "mention_recall": 0.9250614250614251,
  "loss": 2.127506134014179
}