{
  "coref_precision": 0.7128304876838572,
  "coref_recall": 0.6311968658888373,
  "coref_f1": 0.6695344288932538,
  "mention_recall": 0.917189460476788,
  "loss": 1.4509493471706434
}