{
  "coref_precision": 0.6614402512193389,
  "coref_recall": 0.598722283526205,
  "coref_f1": 0.62851868439005,
  "mention_recall": 0.9264705882352942,
  "loss": 1.4565680725781864
}