{
  "coref_precision": 0.6991785613229998,
  "coref_recall": 0.5778341738473661,
  "coref_f1": 0.632544048592159,
  "mention_recall": 0.9027524792552115,
  "loss": 53.30467002571789
}