{
  "coref_precision": 0.5554648287020564,
  "coref_recall": 0.4985487880224722,
  "coref_f1": 0.5254678505241723,
  "mention_recall": 0.9090909090909091,
  "loss": 1.9937759955771273
}