{
  "coref_precision": 0.6589141311363534,
  "coref_recall": 0.5764227829178811,
  "coref_f1": 0.6148972247366348,
  "mention_recall": 0.9044117647058824,
  "loss": 1.379680344809249
}