{
  "coref_precision": 0.689201057867657,
  "coref_recall": 0.5774978716504897,
  "coref_f1": 0.6282829074097537,
  "mention_recall": 0.8963266545233758,
  "loss": 51.75434192341228
}