{
  "coref_precision": 0.6932025278485009,
  "coref_recall": 0.5734544783373113,
  "coref_f1": 0.6274493172693765,
  "mention_recall": 0.9016393442622951,
  "loss": 51.10031628660087
}