{
  "coref_precision": 0.5605863403735745,
  "coref_recall": 0.5091831464638482,
  "coref_f1": 0.5336361382771263,
  "mention_recall": 0.9373464373464373,
  "loss": 1.9360272824713571
}