{
  "coref_precision": 0.6827695539765858,
  "coref_recall": 0.6257030505805016,
  "coref_f1": 0.6529883962162538,
  "mention_recall": 0.9338235294117647,
  "loss": 1.3041860675675432
}