{
  "coref_precision": 0.6847762104868048,
  "coref_recall": 0.6490364664384273,
  "coref_f1": 0.6664222667375318,
  "mention_recall": 0.9399509803921569,
  "loss": 1.269363653516903
}