{
  "coref_precision": 0.571818465109282,
  "coref_recall": 0.5438466776186074,
  "coref_f1": 0.5574741282769948,
  "mention_recall": 0.9398034398034398,
  "loss": 1.7902857886984205
}