{
  "coref_precision": 0.7755668104590211,
  "coref_recall": 0.6795242248948009,
  "coref_f1": 0.7243749132704181,
  "mention_recall": 0.9159347553324969,
  "loss": 0.8628854002373888
}