{
  "coref_precision": 0.7719420824350403,
  "coref_recall": 0.6913992447574536,
  "coref_f1": 0.7294540123418659,
  "mention_recall": 0.918546365914787,
  "loss": 0.9051461744885857
}