{
  "coref_precision": 0.7283187782623943,
  "coref_recall": 0.6294918379168183,
  "coref_f1": 0.6753083374872048,
  "mention_recall": 0.9210526315789473,
  "loss": 1.042223994451394
}