{
  "coref_precision": 0.7872930406309869,
  "coref_recall": 0.7080267830249056,
  "coref_f1": 0.7455588887720815,
  "mention_recall": 0.918444165621079,
  "loss": 0.7618560162839508
}