{
  "coref_precision": 0.6893993612397522,
  "coref_recall": 0.5873893166033884,
  "coref_f1": 0.6342372279168988,
  "mention_recall": 0.9041185994737907,
  "loss": 53.783635505550706
}