{
  "coref_precision": 0.705815177709456,
  "coref_recall": 0.6544204263318751,
  "coref_f1": 0.6791468326625226,
  "mention_recall": 0.9234629861982434,
  "loss": 1.4211053556162456
}