{
  "coref_precision": 0.6415518614192145,
  "coref_recall": 0.6305671679446189,
  "coref_f1": 0.6360110244679137,
  "mention_recall": 0.9424019607843137,
  "loss": 1.6170296580343109
}