{
  "coref_precision": 0.6979323922715457,
  "coref_recall": 0.6565335142973268,
  "coref_f1": 0.6766000878627033,
  "mention_recall": 0.9223057644110275,
  "loss": 1.5273490353323322
}