{
  "coref_precision": 0.5933989957326503,
  "coref_recall": 0.5781805729174149,
  "coref_f1": 0.5856904591541515,
  "mention_recall": 0.941031941031941,
  "loss": 2.118202315996709
}