{
  "coref_precision": 0.8817609705202636,
  "coref_recall": 0.7719674303314794,
  "coref_f1": 0.8232194241226644,
  "mention_recall": 0.9121706398996235,
  "loss": 0.6291272213384517
}