{
  "coref_precision": 0.69611473909186,
  "coref_recall": 0.5728583355673117,
  "coref_f1": 0.6282506454853681,
  "mention_recall": 0.9048269581056466,
  "loss": 54.566268785762325
}