{
  "coref_precision": 0.5662355067017556,
  "coref_recall": 0.4897504106262944,
  "coref_f1": 0.5252212186481816,
  "mention_recall": 0.899749373433584,
  "loss": 1.9172361876963344
}