{
  "coref_precision": 0.6960786874882753,
  "coref_recall": 0.6401480962755474,
  "coref_f1": 0.6669347933712385,
  "mention_recall": 0.9203431372549019,
  "loss": 1.3437923950921506
}