{
  "coref_precision": 0.5576739429725793,
  "coref_recall": 0.5127566561777088,
  "coref_f1": 0.5342605757488044,
  "mention_recall": 0.9275184275184275,
  "loss": 2.2515576178121415
}