{
  "coref_precision": 0.6597338489483325,
  "coref_recall": 0.5679666229278709,
  "coref_f1": 0.61041983833845,
  "mention_recall": 0.9021329987452948,
  "loss": 1.4541381808123948
}