{
  "coref_precision": 0.6940616478266809,
  "coref_recall": 0.5820821990189845,
  "coref_f1": 0.6330113491878596,
  "mention_recall": 0.9044221817445861,
  "loss": 52.34313011353424
}