{
  "coref_precision": 0.5742724104744347,
  "coref_recall": 0.4667533796297871,
  "coref_f1": 0.5149604257147765,
  "mention_recall": 0.8909774436090225,
  "loss": 1.7083169748892324
}