{
  "coref_precision": 0.7062331779284476,
  "coref_recall": 0.6352559205500382,
  "coref_f1": 0.6688606601506888,
  "mention_recall": 0.9264705882352942,
  "loss": 1.333356440926961
}