{
  "coref_precision": 0.5664796840867439,
  "coref_recall": 0.5211659426571708,
  "coref_f1": 0.5428768138135159,
  "mention_recall": 0.9287469287469288,
  "loss": 2.2379175122229817
}