{
  "coref_precision": 0.7041501987792792,
  "coref_recall": 0.5764316828130006,
  "coref_f1": 0.6339216203255735,
  "mention_recall": 0.8958594730238394,
  "loss": 1.2587269483818555
}