{
  "coref_precision": 0.6922367387603682,
  "coref_recall": 0.5850506928604021,
  "coref_f1": 0.6340138867000559,
  "mention_recall": 0.9046245699251164,
  "loss": 53.429336725559885
}