{
  "coref_precision": 0.6889446132356437,
  "coref_recall": 0.6029125877055458,
  "coref_f1": 0.6430636673238547,
  "mention_recall": 0.8983688833124216,
  "loss": 1.3789154536251025
}