{
  "coref_precision": 0.707924283933056,
  "coref_recall": 0.6413304378990653,
  "coref_f1": 0.6729826703473337,
  "mention_recall": 0.9375,
  "loss": 1.4274952109344277
}