{
  "coref_precision": 0.5390612678920443,
  "coref_recall": 0.4880504906820695,
  "coref_f1": 0.5122890069964189,
  "mention_recall": 0.9361179361179361,
  "loss": 2.3334456299267763
}