{
  "coref_precision": 0.6629858534788112,
  "coref_recall": 0.5935776107941596,
  "coref_f1": 0.6263645411270189,
  "mention_recall": 0.9022556390977443,
  "loss": 1.602844214749176
}