{
  "coref_precision": 0.648399214130646,
  "coref_recall": 0.5443595514491036,
  "coref_f1": 0.5918416335139658,
  "mention_recall": 0.8759398496240601,
  "loss": 1.5098179791473993
}