{
  "coref_precision": 0.4783963966498613,
  "coref_recall": 0.4050742129689498,
  "coref_f1": 0.43868178193175744,
  "mention_recall": 0.8857493857493858,
  "loss": 2.393105053234567
}