{
  "coref_precision": 0.7889760718632571,
  "coref_recall": 0.6492022495557452,
  "coref_f1": 0.7122957164864624,
  "mention_recall": 0.893483709273183,
  "loss": 0.7408842186244392
}