{
  "coref_precision": 0.7220264780034973,
  "coref_recall": 0.6460788504702403,
  "coref_f1": 0.6819430580865774,
  "mention_recall": 0.9084065244667503,
  "loss": 1.3261608184933291
}