{
  "coref_precision": 0.6546970698963704,
  "coref_recall": 0.5772340923165746,
  "coref_f1": 0.6135264607599807,
  "mention_recall": 0.9060150375939849,
  "loss": 1.5402579068154167
}