{
  "coref_precision": 0.6701443193915879,
  "coref_recall": 0.5808917835822784,
  "coref_f1": 0.6223338307037366,
  "mention_recall": 0.8972431077694235,
  "loss": 1.3205554242743127
}