{
  "coref_precision": 0.6504050608500859,
  "coref_recall": 0.5940256321383772,
  "coref_f1": 0.6209372579358893,
  "mention_recall": 0.9129901960784313,
  "loss": 1.4172340684668514
}