{
  "coref_precision": 0.730985006447895,
  "coref_recall": 0.641246691211256,
  "coref_f1": 0.6831798568499635,
  "mention_recall": 0.9096612296110415,
  "loss": 1.023771203866751
}