{
  "coref_precision": 0.7350215566619536,
  "coref_recall": 0.6621208433908491,
  "coref_f1": 0.6966687685311137,
  "mention_recall": 0.904642409033877,
  "loss": 1.2182304796367371
}