{
  "coref_precision": 0.6809801394724433,
  "coref_recall": 0.5882395220810285,
  "coref_f1": 0.631136160878086,
  "mention_recall": 0.9047763610605141,
  "loss": 54.410006086921435
}