{
  "coref_precision": 0.6648484064729957,
  "coref_recall": 0.6138614199888709,
  "coref_f1": 0.6383341834351081,
  "mention_recall": 0.9338235294117647,
  "loss": 1.5074347384939903
}