{
  "coref_precision": 0.7099161686043263,
  "coref_recall": 0.6108627894173849,
  "coref_f1": 0.6566738125288937,
  "mention_recall": 0.9035087719298246,
  "loss": 1.230844033393864
}