{
  "coref_precision": 0.5584868759703197,
  "coref_recall": 0.5169740713600363,
  "coref_f1": 0.5369207284100744,
  "mention_recall": 0.9238329238329238,
  "loss": 2.025307591233121
}