{
  "coref_precision": 0.7336492915282596,
  "coref_recall": 0.6418503860433072,
  "coref_f1": 0.6846861221289665,
  "mention_recall": 0.9096612296110415,
  "loss": 1.151859192546343
}