{
  "coref_precision": 0.6972848300487042,
  "coref_recall": 0.579466850678604,
  "coref_f1": 0.6327402433186039,
  "mention_recall": 0.9056871078729002,
  "loss": 52.969964393140245
}