{
  "coref_precision": 0.76271783000502,
  "coref_recall": 0.6784654093361621,
  "coref_f1": 0.7181288247089298,
  "mention_recall": 0.9209535759096612,
  "loss": 1.0170324353787097
}