{
  "coref_precision": 0.5703700808271868,
  "coref_recall": 0.512402633893862,
  "coref_f1": 0.5398342539791994,
  "mention_recall": 0.9176904176904177,
  "loss": 1.8033310849108424
}