{
  "coref_precision": 0.6921220939158027,
  "coref_recall": 0.6077372686956348,
  "coref_f1": 0.6471905270220479,
  "mention_recall": 0.9235588972431078,
  "loss": 1.3392072775238721
}