{
  "coref_precision": 0.6614905894023803,
  "coref_recall": 0.5939938012241934,
  "coref_f1": 0.6259274344870734,
  "mention_recall": 0.9154411764705882,
  "loss": 1.2958626383969056
}