{
  "coref_precision": 0.5620889803468735,
  "coref_recall": 0.508305560059946,
  "coref_f1": 0.5338330482102958,
  "mention_recall": 0.9041769041769042,
  "loss": 1.9101965261048868
}