{
  "coref_precision": 0.7115457960831705,
  "coref_recall": 0.5985450018835722,
  "coref_f1": 0.6501688643579736,
  "mention_recall": 0.893483709273183,
  "loss": 1.1158152469491063
}