{
  "coref_precision": 0.701661345923774,
  "coref_recall": 0.5989787491104774,
  "coref_f1": 0.6462634940770525,
  "mention_recall": 0.8946047678795483,
  "loss": 1.0920449803403023
}