{
  "coref_precision": 0.6902016975546656,
  "coref_recall": 0.5725566794383535,
  "coref_f1": 0.625709912512581,
  "mention_recall": 0.9012345679012346,
  "loss": 52.393082953151854
}