{
  "coref_precision": 0.6873998127020021,
  "coref_recall": 0.618838537098341,
  "coref_f1": 0.6513102959499676,
  "mention_recall": 0.9313725490196079,
  "loss": 1.535683550833951
}