{
  "coref_precision": 0.582590526179695,
  "coref_recall": 0.5321970295654506,
  "coref_f1": 0.5562469275492877,
  "mention_recall": 0.9336609336609336,
  "loss": 2.1326284553594603
}