{
  "coref_precision": 0.7572424011993535,
  "coref_recall": 0.6323018475424473,
  "coref_f1": 0.6891549067482816,
  "mention_recall": 0.9021329987452948,
  "loss": 1.1108383977341154
}