{
  "coref_precision": 0.6825465430258685,
  "coref_recall": 0.5693874555225694,
  "coref_f1": 0.620852543220966,
  "mention_recall": 0.9060150375939849,
  "loss": 1.3253293014830052
}