{
  "coref_precision": 0.6837071753294107,
  "coref_recall": 0.5780549929916575,
  "coref_f1": 0.6262575475592195,
  "mention_recall": 0.9032584497065371,
  "loss": 53.027398418178834
}