{
  "coref_precision": 0.7033815726136631,
  "coref_recall": 0.5762547260910708,
  "coref_f1": 0.6335030753031662,
  "mention_recall": 0.8947368421052632,
  "loss": 1.3393478064662583
}