{
  "coref_precision": 0.7258721129669078,
  "coref_recall": 0.6389306227541521,
  "coref_f1": 0.6796079726894751,
  "mention_recall": 0.9105392156862745,
  "loss": 1.205623222170149
}