{
  "coref_precision": 0.531090359090403,
  "coref_recall": 0.4701571188413293,
  "coref_f1": 0.49876080596094213,
  "mention_recall": 0.9127764127764127,
  "loss": 2.2575303580997437
}