{
  "coref_precision": 0.7858700116344272,
  "coref_recall": 0.6273408902408861,
  "coref_f1": 0.6977125389341222,
  "mention_recall": 0.8933500627352572,
  "loss": 0.9071557280627548
}