{
  "coref_precision": 0.6990418379659222,
  "coref_recall": 0.5718842943011951,
  "coref_f1": 0.6288431728143632,
  "mention_recall": 0.9046245699251164,
  "loss": 56.06477719846857
}