{
  "coref_precision": 0.6173445751105717,
  "coref_recall": 0.5512806118265662,
  "coref_f1": 0.5824437889799962,
  "mention_recall": 0.9135338345864662,
  "loss": 1.8565644256442246
}