{
  "coref_precision": 0.4585474184783358,
  "coref_recall": 0.4199565252196831,
  "coref_f1": 0.43840191000804457,
  "mention_recall": 0.9176904176904177,
  "loss": 2.558334902297068
}