{
  "coref_precision": 0.7992408853515673,
  "coref_recall": 0.722383793584774,
  "coref_f1": 0.7588703477726358,
  "mention_recall": 0.9129901960784313,
  "loss": 0.8719195359739792
}