{
  "coref_precision": 0.681668997100313,
  "coref_recall": 0.5861813223254398,
  "coref_f1": 0.630248328986948,
  "mention_recall": 0.9036126290224651,
  "loss": 53.778170757818614
}