{
  "coref_precision": 0.7131988102832073,
  "coref_recall": 0.6560327245376264,
  "coref_f1": 0.6834222028916682,
  "mention_recall": 0.9191176470588235,
  "loss": 1.2142127876851425
}