{
  "coref_precision": 0.726580009485931,
  "coref_recall": 0.6409805768401645,
  "coref_f1": 0.6810908794634228,
  "mention_recall": 0.8895859473023839,
  "loss": 1.0657342528944858
}