{
  "coref_precision": 0.6097707005507517,
  "coref_recall": 0.5272694935237485,
  "coref_f1": 0.565521983839158,
  "mention_recall": 0.8897243107769424,
  "loss": 1.6469266915473122
}