{
  "coref_precision": 0.5351250290361984,
  "coref_recall": 0.48867232463723687,
  "coref_f1": 0.51084453404748,
  "mention_recall": 0.9127764127764127,
  "loss": 2.1629888928434715
}