{
  "coref_precision": 0.6967360254193662,
  "coref_recall": 0.5738898715100812,
  "coref_f1": 0.6291368270046084,
  "mention_recall": 0.9063954665047561,
  "loss": 52.60947975089196
}