{
  "coref_precision": 0.7693096884486484,
  "coref_recall": 0.6598964080581727,
  "coref_f1": 0.7103902955382865,
  "mention_recall": 0.9105392156862745,
  "loss": 0.8385268581189269
}