{
  "coref_precision": 0.8676938996893657,
  "coref_recall": 0.7041418688913034,
  "coref_f1": 0.7774086601460612,
  "mention_recall": 0.8883312421580929,
  "loss": 0.6023613825416001
}