{
  "coref_precision": 0.46585502163104503,
  "coref_recall": 0.4056199740410267,
  "coref_f1": 0.4336423797864301,
  "mention_recall": 0.914004914004914,
  "loss": 2.363456146667011
}