{
  "coref_precision": 0.6422537160499985,
  "coref_recall": 0.5244904058729668,
  "coref_f1": 0.5774286056191875,
  "mention_recall": 0.8872180451127819,
  "loss": 1.2350194158013317
}