{
  "coref_precision": 0.628342702327699,
  "coref_recall": 0.5786734095194177,
  "coref_f1": 0.6024757841065327,
  "mention_recall": 0.8996235884567126,
  "loss": 1.6167372090544516
}