{
  "coref_precision": 0.6146000780188833,
  "coref_recall": 0.5592476468701958,
  "coref_f1": 0.5856167490502875,
  "mention_recall": 0.9056372549019608,
  "loss": 1.6091722195634808
}