{
  "coref_precision": 0.6491130620254378,
  "coref_recall": 0.5914966800931712,
  "coref_f1": 0.6189659560248396,
  "mention_recall": 0.9054054054054054,
  "loss": 1.655307167379347
}