{
  "coref_precision": 0.696132651958727,
  "coref_recall": 0.5754691812206323,
  "coref_f1": 0.6298623959913763,
  "mention_recall": 0.9054341226472374,
  "loss": 51.04504095872693
}