{
  "coref_precision": 0.7223153137878272,
  "coref_recall": 0.6370773450600545,
  "coref_f1": 0.6770239138200381,
  "mention_recall": 0.8983688833124216,
  "loss": 0.9852231588005124
}