{
  "coref_precision": 0.6727704030932772,
  "coref_recall": 0.6041998533420102,
  "coref_f1": 0.6366436761999273,
  "mention_recall": 0.9178921568627451,
  "loss": 1.2681851571520484
}