{
  "coref_precision": 0.6461635581020627,
  "coref_recall": 0.5559520408891973,
  "coref_f1": 0.5976727570297323,
  "mention_recall": 0.8947368421052632,
  "loss": 1.3107876917341597
}