{
  "coref_precision": 0.673613293032355,
  "coref_recall": 0.6338531203727281,
  "coref_f1": 0.6531264267362773,
  "mention_recall": 0.9399509803921569,
  "loss": 1.373728452093028
}