{
  "coref_precision": 0.7291953958477803,
  "coref_recall": 0.624658859949512,
  "coref_f1": 0.6728899552984263,
  "mention_recall": 0.8922305764411027,
  "loss": 1.0128249867891708
}