{
  "coref_precision": 0.571811318508342,
  "coref_recall": 0.49870859695421105,
  "coref_f1": 0.5327584211019337,
  "mention_recall": 0.898034398034398,
  "loss": 1.648964489023674
}