{
  "coref_precision": 0.6818168847826683,
  "coref_recall": 0.5861051637537337,
  "coref_f1": 0.6303467315308207,
  "mention_recall": 0.8946047678795483,
  "loss": 1.227647630259676
}