{
  "coref_precision": 0.7054881474914589,
  "coref_recall": 0.5604397564271657,
  "coref_f1": 0.6243319772209078,
  "mention_recall": 0.9034102408419349,
  "loss": 50.74289289219091
}