{
  "coref_precision": 0.693611473578307,
  "coref_recall": 0.5762209529509357,
  "coref_f1": 0.6293337459006833,
  "mention_recall": 0.8996154624569925,
  "loss": 55.06075717999075
}