{
  "coref_precision": 0.5674910908509236,
  "coref_recall": 0.47676951273442497,
  "coref_f1": 0.5181841544481521,
  "mention_recall": 0.8918918918918919,
  "loss": 1.7648222669833897
}