{
  "coref_precision": 0.7626014224836982,
  "coref_recall": 0.5931501356285331,
  "coref_f1": 0.6672851832325613,
  "mention_recall": 0.8809523809523809,
  "loss": 1.1498596815121391
}