{
  "coref_precision": 0.660345461823681,
  "coref_recall": 0.57412653613634,
  "coref_f1": 0.6141987582454734,
  "mention_recall": 0.9093137254901961,
  "loss": 1.5234938630490598
}