{
  "coref_precision": 0.7813929137992236,
  "coref_recall": 0.6188562642057981,
  "coref_f1": 0.6906908165009162,
  "mention_recall": 0.8858218318695107,
  "loss": 1.1218001926517853
}