{
  "coref_precision": 0.5768500212223421,
  "coref_recall": 0.49571273825659784,
  "coref_f1": 0.533194608682119,
  "mention_recall": 0.9004914004914005,
  "loss": 1.7025826016884578
}