{
  "coref_precision": 0.6683890233621416,
  "coref_recall": 0.5810508292440736,
  "coref_f1": 0.6216585026324326,
  "mention_recall": 0.9047619047619048,
  "loss": 1.5176540551188333
}