{
  "coref_precision": 0.69946106357509,
  "coref_recall": 0.6381126272057646,
  "coref_f1": 0.6673758686063076,
  "mention_recall": 0.9031862745098039,
  "loss": 1.2272862700843454
}