{
  "coref_precision": 0.5082678870979164,
  "coref_recall": 0.4527657641692729,
  "coref_f1": 0.47890836410554316,
  "mention_recall": 0.8931203931203932,
  "loss": 2.1591255616722855
}