{
  "coref_precision": 0.6885302029121863,
  "coref_recall": 0.5714268340117279,
  "coref_f1": 0.6243008545281911,
  "mention_recall": 0.905130540376442,
  "loss": 57.3025114445632
}