{
  "coref_precision": 0.6729375079280225,
  "coref_recall": 0.5801786994245753,
  "coref_f1": 0.623115142255814,
  "mention_recall": 0.9010025062656641,
  "loss": 1.458692783027548
}