{
  "coref_precision": 0.7549218546194231,
  "coref_recall": 0.6407404254762804,
  "coref_f1": 0.6931563644246651,
  "mention_recall": 0.8996235884567126,
  "loss": 1.1550731758112212
}