{
  "coref_precision": 0.6920570121523264,
  "coref_recall": 0.6348663455281103,
  "coref_f1": 0.6622076772386668,
  "mention_recall": 0.9142156862745098,
  "loss": 1.424548056535904
}