{
  "coref_precision": 0.6948043464896262,
  "coref_recall": 0.5719508861122037,
  "coref_f1": 0.6271859476374514,
  "mention_recall": 0.905940093098563,
  "loss": 54.38165842362107
}