{
  "coref_precision": 0.6509733127194965,
  "coref_recall": 0.5455367147956832,
  "coref_f1": 0.5936023268273726,
  "mention_recall": 0.8847117794486216,
  "loss": 1.3046376055309623
}