{
  "coref_precision": 0.5393241422367636,
  "coref_recall": 0.477768438294754,
  "coref_f1": 0.5066835395507082,
  "mention_recall": 0.9164619164619164,
  "loss": 1.981088842523181
}