{
  "coref_precision": 0.7843957945827106,
  "coref_recall": 0.639889151031595,
  "coref_f1": 0.7048072605685812,
  "mention_recall": 0.8895859473023839,
  "loss": 0.8439907162799309
}