{
  "coref_precision": 0.7022855170522512,
  "coref_recall": 0.624019431004725,
  "coref_f1": 0.6608425613574478,
  "mention_recall": 0.9227941176470589,
  "loss": 1.2077585171159213
}