{
  "coref_precision": 0.7018918265462863,
  "coref_recall": 0.5673395049763434,
  "coref_f1": 0.6271970796567659,
  "mention_recall": 0.9056871078729002,
  "loss": 53.35415529438774
}