{
  "coref_precision": 0.6966577218752343,
  "coref_recall": 0.61151347744485,
  "coref_f1": 0.6513095183622188,
  "mention_recall": 0.9129901960784313,
  "loss": 1.1674369607952666
}