{
  "coref_precision": 0.5797290420347606,
  "coref_recall": 0.5121269195830599,
  "coref_f1": 0.5438313530806783,
  "mention_recall": 0.9238329238329238,
  "loss": 1.7352888528377037
}