{
  "coref_precision": 0.655266828843367,
  "coref_recall": 0.5112363551221891,
  "coref_f1": 0.574355694178183,
  "mention_recall": 0.8859649122807017,
  "loss": 1.3841724271896119
}