{
  "coref_precision": 0.678928139447922,
  "coref_recall": 0.5365943485813979,
  "coref_f1": 0.5994278232186089,
  "mention_recall": 0.8983688833124216,
  "loss": 1.2595185033196947
}