{
  "coref_precision": 0.6891918759014688,
  "coref_recall": 0.5711005474842529,
  "coref_f1": 0.6243925850075619,
  "mention_recall": 0.903865614248128,
  "loss": 52.752531438830424
}