{
  "coref_precision": 0.483474570740767,
  "coref_recall": 0.4162299859668281,
  "coref_f1": 0.4473384207589722,
  "mention_recall": 0.9115479115479116,
  "loss": 2.075756703735004
}