{
  "coref_precision": 0.7522223631975861,
  "coref_recall": 0.6409655613086985,
  "coref_f1": 0.6921400955678987,
  "mention_recall": 0.9044117647058824,
  "loss": 0.8005522133217535
}