{
  "coref_precision": 0.6869230783553734,
  "coref_recall": 0.5829816622574213,
  "coref_f1": 0.6305792343005773,
  "mention_recall": 0.9010827767658369,
  "loss": 51.890244431067096
}