{
  "coref_precision": 0.6788479354294789,
  "coref_recall": 0.6404768388837017,
  "coref_f1": 0.6590993593848068,
  "mention_recall": 0.9350490196078431,
  "loss": 1.8880240042255831
}