{
  "coref_precision": 0.6800379964039837,
  "coref_recall": 0.589800985578676,
  "coref_f1": 0.631711411507716,
  "mention_recall": 0.9223057644110275,
  "loss": 1.8103504636682575
}