{
  "coref_precision": 0.5617476755912709,
  "coref_recall": 0.5338577812262022,
  "coref_f1": 0.5474400360680839,
  "mention_recall": 0.941031941031941,
  "loss": 2.5848026725018554
}