{
  "coref_precision": 0.7008234994314142,
  "coref_recall": 0.650355911451995,
  "coref_f1": 0.6746424045169329,
  "mention_recall": 0.9259723964868256,
  "loss": 1.6753288582381622
}