{
  "coref_precision": 0.6842727986582542,
  "coref_recall": 0.5754840178839332,
  "coref_f1": 0.6249958631824623,
  "mention_recall": 0.905940093098563,
  "loss": 53.48779249597801
}