{
  "coref_precision": 0.6993009210980299,
  "coref_recall": 0.6231979576342321,
  "coref_f1": 0.6590587065502916,
  "mention_recall": 0.9129901960784313,
  "loss": 1.1779618091393813
}