{
  "coref_precision": 0.6993447059412295,
  "coref_recall": 0.5744902382831734,
  "coref_f1": 0.6305526350575418,
  "mention_recall": 0.9000708358631856,
  "loss": 51.16662015264918
}