{
  "coref_precision": 0.7152728646569962,
  "coref_recall": 0.6859742381801205,
  "coref_f1": 0.7003114848157912,
  "mention_recall": 0.9375,
  "loss": 0.9882985215145994
}