{
  "coref_precision": 0.5402170337260688,
  "coref_recall": 0.515604080954958,
  "coref_f1": 0.5276068831784267,
  "mention_recall": 0.9312039312039312,
  "loss": 1.7865284840214795
}