{
  "coref_precision": 0.6830532911273487,
  "coref_recall": 0.6200415544615597,
  "coref_f1": 0.6500222435780615,
  "mention_recall": 0.8947368421052632,
  "loss": 1.0605575288787044
}