{
  "coref_precision": 0.7516706455631148,
  "coref_recall": 0.6799594776392901,
  "coref_f1": 0.7140189834217167,
  "mention_recall": 0.8996235884567126,
  "loss": 0.9032888219524264
}