{
  "coref_precision": 0.6861984742764875,
  "coref_recall": 0.5837782333601256,
  "coref_f1": 0.6307532238103125,
  "mention_recall": 0.9017405383525602,
  "loss": 54.34994100358694
}