{
  "coref_precision": 0.8189950398751299,
  "coref_recall": 0.7228194036957887,
  "coref_f1": 0.7679055787814347,
  "mention_recall": 0.9134253450439147,
  "loss": 0.7718863554655253
}