{
  "coref_precision": 0.6908717257554695,
  "coref_recall": 0.61525423942287,
  "coref_f1": 0.6508736044010955,
  "mention_recall": 0.9160401002506265,
  "loss": 1.2632295870741503
}