{
  "coref_precision": 0.49955792495928675,
  "coref_recall": 0.4453670975600799,
  "coref_f1": 0.470907926076102,
  "mention_recall": 0.9152334152334153,
  "loss": 2.4131641357422393
}