{
  "coref_precision": 0.7558247615311435,
  "coref_recall": 0.6821274722010017,
  "coref_f1": 0.7170819212151044,
  "mention_recall": 0.9142156862745098,
  "loss": 0.9280883263420143
}