{
  "coref_precision": 0.690953179523266,
  "coref_recall": 0.5831591011602505,
  "coref_f1": 0.6323278283191243,
  "mention_recall": 0.896782027929569,
  "loss": 52.437511396044385
}