{
  "coref_precision": 0.7687422470956572,
  "coref_recall": 0.7021567995000945,
  "coref_f1": 0.7339423311640975,
  "mention_recall": 0.9222082810539524,
  "loss": 0.8498749835180481
}