{
  "coref_precision": 0.5521356791434179,
  "coref_recall": 0.5420235227252771,
  "coref_f1": 0.5470278801212615,
  "mention_recall": 0.9262899262899262,
  "loss": 1.8843266304641928
}