{
  "coref_precision": 0.7370031555384985,
  "coref_recall": 0.6638079255125603,
  "coref_f1": 0.6984917529036335,
  "mention_recall": 0.918546365914787,
  "loss": 0.9407575955144073
}