{
  "coref_precision": 0.6856278368084237,
  "coref_recall": 0.6726422723971744,
  "coref_f1": 0.679068584499873,
  "mention_recall": 0.9276960784313726,
  "loss": 1.2243602200908965
}