{
  "coref_precision": 0.5675925421209943,
  "coref_recall": 0.49423322844375467,
  "coref_f1": 0.528377672947879,
  "mention_recall": 0.9103194103194103,
  "loss": 1.4922582963884838
}