{
  "coref_precision": 0.6435570968790865,
  "coref_recall": 0.5706642758113346,
  "coref_f1": 0.6049200054854532,
  "mention_recall": 0.9154411764705882,
  "loss": 1.1084190261357176
}