{
  "coref_precision": 0.7315949131325068,
  "coref_recall": 0.587977642357061,
  "coref_f1": 0.6519693666634042,
  "mention_recall": 0.8884711779448622,
  "loss": 0.9549832315704894
}