{
  "coref_precision": 0.6921680781336074,
  "coref_recall": 0.5733844069659351,
  "coref_f1": 0.6269773286297249,
  "mention_recall": 0.9014369560817648,
  "loss": 54.75912911762569
}