{
  "coref_precision": 0.6466190082770154,
  "coref_recall": 0.5090946371909975,
  "coref_f1": 0.569674115688423,
  "mention_recall": 0.893483709273183,
  "loss": 1.8321710010971262
}