{
  "coref_precision": 0.5715667249213373,
  "coref_recall": 0.51537087326561,
  "coref_f1": 0.5420127990933978,
  "mention_recall": 0.9201474201474201,
  "loss": 2.014230876695181
}