{
  "coref_precision": 0.6506296161849788,
  "coref_recall": 0.5877263531675297,
  "coref_f1": 0.6175769650869434,
  "mention_recall": 0.9203431372549019,
  "loss": 1.58600322101939
}