{
  "coref_precision": 0.7256792878714061,
  "coref_recall": 0.5281691426541816,
  "coref_f1": 0.6113620905666256,
  "mention_recall": 0.890840652446675,
  "loss": 1.3934134659307955
}