{
  "coref_precision": 0.7787626547825329,
  "coref_recall": 0.6734702067288887,
  "coref_f1": 0.7222991914178253,
  "mention_recall": 0.8996235884567126,
  "loss": 0.9031679316140484
}