{
  "coref_precision": 0.4912355002126663,
  "coref_recall": 0.42828009518242566,
  "coref_f1": 0.45760244252974297,
  "mention_recall": 0.8984962406015038,
  "loss": 2.158831983441718
}