{
  "coref_precision": 0.6951002908186897,
  "coref_recall": 0.5768883605662315,
  "coref_f1": 0.6302956165125964,
  "mention_recall": 0.9070026310463469,
  "loss": 55.16728821522476
}