{
  "coref_precision": 0.7891903179253014,
  "coref_recall": 0.6231084522175333,
  "coref_f1": 0.6963822333848816,
  "mention_recall": 0.8845671267252195,
  "loss": 0.9104373678560214
}