{
  "coref_precision": 0.7234555941863291,
  "coref_recall": 0.5622158630406863,
  "coref_f1": 0.632723294333628,
  "mention_recall": 0.8847117794486216,
  "loss": 1.1730495243488281
}