{
  "coref_precision": 0.6911084390829161,
  "coref_recall": 0.6021244187910854,
  "coref_f1": 0.6435418829994614,
  "mention_recall": 0.9031862745098039,
  "loss": 1.057961590085368
}