{
  "coref_precision": 0.5557579496504103,
  "coref_recall": 0.4831337717302629,
  "coref_f1": 0.5168963935488752,
  "mention_recall": 0.9017199017199017,
  "loss": 1.7362000875181165
}