{
  "coref_precision": 0.6827590491092298,
  "coref_recall": 0.5833784802843915,
  "coref_f1": 0.6290763461607195,
  "mention_recall": 0.9027524792552115,
  "loss": 55.06704914984668
}