{
  "coref_precision": 0.5921242772578577,
  "coref_recall": 0.5546007730218255,
  "coref_f1": 0.5727477116095963,
  "mention_recall": 0.9336609336609336,
  "loss": 1.8230999380714872
}