{
  "coref_precision": 0.7046281519743983,
  "coref_recall": 0.6108575828242054,
  "coref_f1": 0.6544006870212788,
  "mention_recall": 0.9021329987452948,
  "loss": 1.1910128252093795
}