{
  "coref_precision": 0.6523284299598668,
  "coref_recall": 0.6153725042205433,
  "coref_f1": 0.6333074298966438,
  "mention_recall": 0.9350490196078431,
  "loss": 1.5663956486617185
}