{
  "coref_precision": 0.7040878187752813,
  "coref_recall": 0.6091690669459718,
  "coref_f1": 0.6531965866604594,
  "mention_recall": 0.8984962406015038,
  "loss": 1.3076268693775845
}