{
  "coref_precision": 0.7714709665026658,
  "coref_recall": 0.625878308876976,
  "coref_f1": 0.6910847975315058,
  "mention_recall": 0.8808030112923463,
  "loss": 0.9630774362575596
}