{
  "coref_precision": 0.5630769219718367,
  "coref_recall": 0.47942715442715444,
  "coref_f1": 0.5178896131054664,
  "mention_recall": 0.8918918918918919,
  "loss": 1.5950854444772697
}