{
  "coref_precision": 0.6839958267308658,
  "coref_recall": 0.5460475117387922,
  "coref_f1": 0.6072862591343795,
  "mention_recall": 0.8734335839598998,
  "loss": 1.3464479207097617
}