{
  "coref_precision": 0.5515327701060312,
  "coref_recall": 0.5022093864199126,
  "coref_f1": 0.5257163989829373,
  "mention_recall": 0.918918918918919,
  "loss": 2.709526162475894
}