{
  "coref_precision": 0.6355489177991863,
  "coref_recall": 0.5468413712286261,
  "coref_f1": 0.587863333084864,
  "mention_recall": 0.9007352941176471,
  "loss": 1.2855332190949453
}