{
  "coref_precision": 0.7596619667031143,
  "coref_recall": 0.6248575942267528,
  "coref_f1": 0.6856956245704415,
  "mention_recall": 0.8720200752823086,
  "loss": 0.9903241730712657
}