{
  "coref_precision": 0.7201685610783898,
  "coref_recall": 0.6357650383385678,
  "coref_f1": 0.6753301902447784,
  "mention_recall": 0.9154411764705882,
  "loss": 1.4221716783239184
}