{
  "coref_precision": 0.688431412024309,
  "coref_recall": 0.5621093917768439,
  "coref_f1": 0.618887727618575,
  "mention_recall": 0.868421052631579,
  "loss": 1.2733023702824606
}