{
  "coref_precision": 0.6967548908266772,
  "coref_recall": 0.5782983519345325,
  "coref_f1": 0.6317273950439495,
  "mention_recall": 0.9063448694596236,
  "loss": 54.02925548697193
}