{
  "coref_precision": 0.6154321507559948,
  "coref_recall": 0.5795439777895918,
  "coref_f1": 0.596948539492057,
  "mention_recall": 0.9373464373464373,
  "loss": 1.813790812671997
}