{
  "coref_precision": 0.642192288880088,
  "coref_recall": 0.6026252841203822,
  "coref_f1": 0.6217798343333553,
  "mention_recall": 0.9399509803921569,
  "loss": 1.4423019951216025
}