{
  "coref_precision": 0.7494380612194927,
  "coref_recall": 0.6749102536634178,
  "coref_f1": 0.7102242292616127,
  "mention_recall": 0.9084065244667503,
  "loss": 0.9566052364130846
}