{
  "coref_precision": 0.6995009961748634,
  "coref_recall": 0.620760501560449,
  "coref_f1": 0.6577825582043294,
  "mention_recall": 0.8922305764411027,
  "loss": 1.1857608988804176
}