{
  "coref_precision": 0.6887594663137132,
  "coref_recall": 0.5830633386281727,
  "coref_f1": 0.6313664195848749,
  "mention_recall": 0.9031066585711395,
  "loss": 53.474010793116356
}