{
  "coref_precision": 0.7386251412689346,
  "coref_recall": 0.6429170568755734,
  "coref_f1": 0.687455849761864,
  "mention_recall": 0.903387703889586,
  "loss": 1.0992014669740555
}