{
  "coref_precision": 0.5578361656978008,
  "coref_recall": 0.5078795701602719,
  "coref_f1": 0.5316782913304943,
  "mention_recall": 0.9262899262899262,
  "loss": 1.8793856508974718
}