{
  "coref_precision": 0.6201668781410161,
  "coref_recall": 0.5441407302365668,
  "coref_f1": 0.5796713476684993,
  "mention_recall": 0.9047619047619048,
  "loss": 1.4942977891161184
}