{
  "coref_precision": 0.6868298225555148,
  "coref_recall": 0.6257870488262646,
  "coref_f1": 0.6548683858109696,
  "mention_recall": 0.9252450980392157,
  "loss": 1.3003104478721186
}