{
  "coref_precision": 0.6879086771374845,
  "coref_recall": 0.5695928761368481,
  "coref_f1": 0.6228749995101208,
  "mention_recall": 0.903966808338393,
  "loss": 54.63041937984419
}