{
  "coref_precision": 0.5564835076002853,
  "coref_recall": 0.4912660667046631,
  "coref_f1": 0.5218406477252832,
  "mention_recall": 0.918918918918919,
  "loss": 1.9006313350455823
}