{
  "coref_precision": 0.7087036498598659,
  "coref_recall": 0.6312485263465656,
  "coref_f1": 0.6677288896865378,
  "mention_recall": 0.9252450980392157,
  "loss": 1.134296106648628
}