{
  "coref_precision": 0.7972791609524776,
  "coref_recall": 0.6609899834502224,
  "coref_f1": 0.7227635984309151,
  "mention_recall": 0.9008782936010038,
  "loss": 0.8471598924171221
}