{
  "coref_precision": 0.7147396941553182,
  "coref_recall": 0.5989230293432964,
  "coref_f1": 0.6517259090839601,
  "mention_recall": 0.9035087719298246,
  "loss": 1.0697879305085927
}