{
  "coref_precision": 0.6682357555034084,
  "coref_recall": 0.5970674296654689,
  "coref_f1": 0.6306463863358878,
  "mention_recall": 0.9191176470588235,
  "loss": 1.3852753742731732
}