{
  "coref_precision": 0.5202034312245045,
  "coref_recall": 0.4264049710436199,
  "coref_f1": 0.4686552092678528,
  "mention_recall": 0.8859649122807017,
  "loss": 2.1100497475918902
}