{
  "coref_precision": 0.6365566033689435,
  "coref_recall": 0.5015036653009631,
  "coref_f1": 0.5610157830037164,
  "mention_recall": 0.8895859473023839,
  "loss": 1.4945527087008046
}