{
  "coref_precision": 0.6856260488427277,
  "coref_recall": 0.5817226360366597,
  "coref_f1": 0.6292670297156485,
  "mention_recall": 0.9016393442622951,
  "loss": 52.807378590106964
}