{
  "coref_precision": 0.697119772345439,
  "coref_recall": 0.6525147601127993,
  "coref_f1": 0.6740760122577537,
  "mention_recall": 0.9411764705882353,
  "loss": 1.250247926661111
}