{
  "coref_precision": 0.5879864972770487,
  "coref_recall": 0.5568032945225928,
  "coref_f1": 0.5719694865551764,
  "mention_recall": 0.9422604422604423,
  "loss": 2.088299641209993
}