{
  "coref_precision": 0.674290141523101,
  "coref_recall": 0.6139920791727547,
  "coref_f1": 0.6427298254424305,
  "mention_recall": 0.918546365914787,
  "loss": 1.4528688777466798
}