{
  "coref_precision": 0.7355387461403136,
  "coref_recall": 0.6468956364227596,
  "coref_f1": 0.6883751641093651,
  "mention_recall": 0.9159347553324969,
  "loss": 1.0886582577703103
}