{
  "coref_precision": 0.690757578570019,
  "coref_recall": 0.578641740693629,
  "coref_f1": 0.629560603075824,
  "mention_recall": 0.9004250151791136,
  "loss": 53.29433304254747
}