{
  "coref_precision": 0.5453050642801335,
  "coref_recall": 0.4961906882959514,
  "coref_f1": 0.5195894881872052,
  "mention_recall": 0.9262899262899262,
  "loss": 2.1271125896989793
}