{
  "coref_precision": 0.7102329668278734,
  "coref_recall": 0.5704157499130006,
  "coref_f1": 0.6326919435697812,
  "mention_recall": 0.9010025062656641,
  "loss": 1.1968578777253729
}