{
  "coref_precision": 0.7748821321003838,
  "coref_recall": 0.6277972261973989,
  "coref_f1": 0.693627950922862,
  "mention_recall": 0.8971141781681304,
  "loss": 0.8515887456344559
}