{
  "coref_precision": 0.7186863560216842,
  "coref_recall": 0.6541254633166398,
  "coref_f1": 0.6848875546227772,
  "mention_recall": 0.9276960784313726,
  "loss": 1.1583780744654315
}