{
  "coref_precision": 0.6942076802738205,
  "coref_recall": 0.5678773197281278,
  "coref_f1": 0.624566844305158,
  "mention_recall": 0.9034608378870674,
  "loss": 51.96253637006592
}