{
  "coref_precision": 0.5905235656840535,
  "coref_recall": 0.49830823918935985,
  "coref_f1": 0.5405108706258984,
  "mention_recall": 0.8796992481203008,
  "loss": 1.4054752828038488
}