{
  "coref_precision": 0.5435204270874109,
  "coref_recall": 0.4884634634634635,
  "coref_f1": 0.5145162048995645,
  "mention_recall": 0.9017199017199017,
  "loss": 1.6593612695419273
}