{
  "coref_precision": 0.6840736649571415,
  "coref_recall": 0.6050054702015487,
  "coref_f1": 0.642108494850072,
  "mention_recall": 0.9068627450980392,
  "loss": 1.1590271167461506
}