{
  "coref_precision": 0.6679137461951111,
  "coref_recall": 0.578738471553016,
  "coref_f1": 0.6201328985848007,
  "mention_recall": 0.8920953575909661,
  "loss": 1.0981652245271318
}