{
  "coref_precision": 0.7635528442514959,
  "coref_recall": 0.6256020339651444,
  "coref_f1": 0.6877274706203593,
  "mention_recall": 0.875784190715182,
  "loss": 1.0325710491774749
}