{
  "coref_precision": 0.7018742803447363,
  "coref_recall": 0.5931399664242801,
  "coref_f1": 0.6429373733631983,
  "mention_recall": 0.8909313725490197,
  "loss": 1.2901162925699647
}