{
  "coref_precision": 0.5409592582337932,
  "coref_recall": 0.4630708060532622,
  "coref_f1": 0.4989866266017775,
  "mention_recall": 0.8931203931203932,
  "loss": 2.182359581276221
}