{
  "coref_precision": 0.6793231468236908,
  "coref_recall": 0.5600893062597697,
  "coref_f1": 0.6139707277928151,
  "mention_recall": 0.8696741854636592,
  "loss": 1.4712682925970124
}