{
  "coref_precision": 0.785033750706181,
  "coref_recall": 0.7256649124296183,
  "coref_f1": 0.7541818729174783,
  "mention_recall": 0.9240196078431373,
  "loss": 0.8158496385064306
}