{
  "coref_precision": 0.48156432233635155,
  "coref_recall": 0.4238703352934827,
  "coref_f1": 0.4508775868708907,
  "mention_recall": 0.8959899749373433,
  "loss": 1.8957558323049306
}