{
  "coref_precision": 0.7876453166811913,
  "coref_recall": 0.6608715630603353,
  "coref_f1": 0.7187103411399577,
  "mention_recall": 0.8858218318695107,
  "loss": 0.9293919289280528
}