{
  "coref_precision": 0.5607818345574781,
  "coref_recall": 0.5020085476225826,
  "coref_f1": 0.5297684007929253,
  "mention_recall": 0.9115479115479116,
  "loss": 2.100842224063714
}