{
  "coref_precision": 0.6851890176182377,
  "coref_recall": 0.5861332043497572,
  "coref_f1": 0.6316943188305512,
  "mention_recall": 0.9030560615260069,
  "loss": 54.256338978841335
}