{
  "coref_precision": 0.7185971051707177,
  "coref_recall": 0.6382965635942041,
  "coref_f1": 0.6760702037746199,
  "mention_recall": 0.917189460476788,
  "loss": 1.4628701397463824
}