{
  "coref_precision": 0.5456218442609169,
  "coref_recall": 0.49759025373060456,
  "coref_f1": 0.5204993688762368,
  "mention_recall": 0.9250614250614251,
  "loss": 2.3794353012956018
}