{
  "coref_precision": 0.6527073683839676,
  "coref_recall": 0.5834502741350084,
  "coref_f1": 0.616135540574204,
  "mention_recall": 0.9147869674185464,
  "loss": 1.6486085923350153
}