{
  "coref_precision": 0.6903567788436512,
  "coref_recall": 0.6245123975516133,
  "coref_f1": 0.6557834971729398,
  "mention_recall": 0.9252450980392157,
  "loss": 1.5147964571200132
}