{
  "coref_precision": 0.6937717673905426,
  "coref_recall": 0.5829678261697605,
  "coref_f1": 0.6334086430420122,
  "mention_recall": 0.9039162112932605,
  "loss": 56.18265502528092
}