{
  "coref_precision": 0.6956386380182255,
  "coref_recall": 0.579620987212373,
  "coref_f1": 0.6321032085838735,
  "mention_recall": 0.9052823315118397,
  "loss": 53.23126982416002
}