{
  "coref_precision": 0.7232167918915922,
  "coref_recall": 0.6481309948221713,
  "coref_f1": 0.6836047878305817,
  "mention_recall": 0.9215686274509803,
  "loss": 1.1060860634739456
}