{
  "coref_precision": 0.790984542765969,
  "coref_recall": 0.6150500084233818,
  "coref_f1": 0.6920087806722887,
  "mention_recall": 0.8996235884567126,
  "loss": 0.915765157182899
}