{
  "coref_precision": 0.7418984860842875,
  "coref_recall": 0.5681541597095406,
  "coref_f1": 0.6435049261455492,
  "mention_recall": 0.899749373433584,
  "loss": 1.2758179131225311
}