{
  "coref_precision": 0.5116500454945065,
  "coref_recall": 0.45542859446368217,
  "coref_f1": 0.4819031442073598,
  "mention_recall": 0.9213759213759214,
  "loss": 2.248630425390509
}