{
  "coref_precision": 0.6915003981212956,
  "coref_recall": 0.5833279961579018,
  "coref_f1": 0.6327144299050577,
  "mention_recall": 0.9033596437968022,
  "loss": 53.84360380414619
}