{
  "coref_precision": 0.522833467788035,
  "coref_recall": 0.4923581476213054,
  "coref_f1": 0.5071275690142275,
  "mention_recall": 0.9287469287469288,
  "loss": 2.3066613313195705
}