{
  "coref_precision": 0.6875545197041509,
  "coref_recall": 0.6142605259007322,
  "coref_f1": 0.6488326635931828,
  "mention_recall": 0.8920953575909661,
  "loss": 1.226071964444991
}