{
  "coref_precision": 0.5953753041508391,
  "coref_recall": 0.531480146418612,
  "coref_f1": 0.5616005635093851,
  "mention_recall": 0.8984962406015038,
  "loss": 1.6768876377125654
}