{
  "coref_precision": 0.7525733520358499,
  "coref_recall": 0.7247832550528631,
  "coref_f1": 0.7383953716180452,
  "mention_recall": 0.9448529411764706,
  "loss": 1.2137304601379133
}