{
  "coref_precision": 0.6829931032261025,
  "coref_recall": 0.5761854240501307,
  "coref_f1": 0.624920866987248,
  "mention_recall": 0.9028030763003441,
  "loss": 53.01010869945943
}