{
  "coref_precision": 0.7928862752195011,
  "coref_recall": 0.6350326101700807,
  "coref_f1": 0.705234205350811,
  "mention_recall": 0.8809523809523809,
  "loss": 0.8480701534643419
}