{
  "coref_precision": 0.6480509974342653,
  "coref_recall": 0.5606504031942628,
  "coref_f1": 0.6011905460067278,
  "mention_recall": 0.9004914004914005,
  "loss": 1.4242800812901106
}