{
  "coref_precision": 0.6939297430856969,
  "coref_recall": 0.5745520416929372,
  "coref_f1": 0.6284610302914976,
  "mention_recall": 0.9028030763003441,
  "loss": 54.04536565984987
}