{
  "coref_precision": 0.694246544704614,
  "coref_recall": 0.575044645724544,
  "coref_f1": 0.6288508037363268,
  "mention_recall": 0.9004250151791136,
  "loss": 57.52388399855659
}