{
  "coref_precision": 0.7958926969263906,
  "coref_recall": 0.6894293577889639,
  "coref_f1": 0.7388446061769862,
  "mention_recall": 0.8983688833124216,
  "loss": 0.8526702344868934
}