{
  "coref_precision": 0.7077509559960732,
  "coref_recall": 0.6078667571990432,
  "coref_f1": 0.6540161014135125,
  "mention_recall": 0.8859649122807017,
  "loss": 1.1475691834534585
}