{
  "coref_precision": 0.561363565251797,
  "coref_recall": 0.5124037172282786,
  "coref_f1": 0.5357454127518115,
  "mention_recall": 0.9201474201474201,
  "loss": 2.1011859754061417
}