{
  "coref_precision": 0.6724480249054344,
  "coref_recall": 0.5855261268654828,
  "coref_f1": 0.6259813272439033,
  "mention_recall": 0.8947368421052632,
  "loss": 1.2341115473536899
}