{
  "coref_precision": 0.5442381600380132,
  "coref_recall": 0.5066376184797238,
  "coref_f1": 0.5247639140182324,
  "mention_recall": 0.9336609336609336,
  "loss": 2.1417481323307848
}