{
  "coref_precision": 0.7711162686234413,
  "coref_recall": 0.6645279115136468,
  "coref_f1": 0.713855680324567,
  "mention_recall": 0.8920953575909661,
  "loss": 0.8560038296297439
}