{
  "coref_precision": 0.6886315820866638,
  "coref_recall": 0.616180950494676,
  "coref_f1": 0.6503626038407528,
  "mention_recall": 0.9203431372549019,
  "loss": 1.2645662094777932
}