{
  "coref_precision": 0.696119576088493,
  "coref_recall": 0.654297880768469,
  "coref_f1": 0.67455539164569,
  "mention_recall": 0.9338235294117647,
  "loss": 1.3458478762156045
}