{
  "coref_precision": 0.6897295346046967,
  "coref_recall": 0.5844594277493304,
  "coref_f1": 0.6326581014490591,
  "mention_recall": 0.9033090467516697,
  "loss": 54.5161421717641
}