{
  "coref_precision": 0.7265958522993552,
  "coref_recall": 0.6181643206715214,
  "coref_f1": 0.668007659831038,
  "mention_recall": 0.9135338345864662,
  "loss": 1.3273470803237164
}