{
  "coref_precision": 0.5105581770009575,
  "coref_recall": 0.4664644309381151,
  "coref_f1": 0.4875152787078478,
  "mention_recall": 0.9287469287469288,
  "loss": 2.632145586960109
}