{
  "coref_precision": 0.8232010859252359,
  "coref_recall": 0.7002670305782507,
  "coref_f1": 0.7567732270460122,
  "mention_recall": 0.9084065244667503,
  "loss": 0.7609189258663491
}