{
  "coref_precision": 0.7302333238162116,
  "coref_recall": 0.6691082156768432,
  "coref_f1": 0.6983356983479853,
  "mention_recall": 0.928921568627451,
  "loss": 1.199573647471797
}