{
  "coref_precision": 0.6914095073496865,
  "coref_recall": 0.5738695599905416,
  "coref_f1": 0.6270077646710508,
  "mention_recall": 0.9008297915401741,
  "loss": 52.43986633094697
}