{
  "coref_precision": 0.5555265398395861,
  "coref_recall": 0.5162780518043676,
  "coref_f1": 0.5351483611160868,
  "mention_recall": 0.9238329238329238,
  "loss": 2.0530809543939506
}