{
  "coref_precision": 0.6963722111394756,
  "coref_recall": 0.6397068254911393,
  "coref_f1": 0.6668202706386414,
  "mention_recall": 0.9252450980392157,
  "loss": 1.4315386060225872
}