{
  "coref_precision": 0.6350574640569374,
  "coref_recall": 0.542524482345116,
  "coref_f1": 0.5851509952598132,
  "mention_recall": 0.8834586466165414,
  "loss": 1.3802301160478525
}