{
  "coref_precision": 0.6990597973857797,
  "coref_recall": 0.6112052319066934,
  "coref_f1": 0.6521829920918517,
  "mention_recall": 0.890840652446675,
  "loss": 1.219688514689555
}