{
  "coref_precision": 0.6839984476264102,
  "coref_recall": 0.5885503198535702,
  "coref_f1": 0.6326131364828237,
  "mention_recall": 0.9034608378870674,
  "loss": 53.79393317657488
}