{
  "coref_precision": 0.6505420650200485,
  "coref_recall": 0.5839813898533458,
  "coref_f1": 0.6154671790223328,
  "mention_recall": 0.9047619047619048,
  "loss": 1.3613577541983866
}