{
  "coref_precision": 0.5460058542413381,
  "coref_recall": 0.520007407726706,
  "coref_f1": 0.5326864324952387,
  "mention_recall": 0.941031941031941,
  "loss": 2.1966930556446282
}