{
  "coref_precision": 0.738122067422962,
  "coref_recall": 0.6632716893072904,
  "coref_f1": 0.6986973493080115,
  "mention_recall": 0.9071518193224593,
  "loss": 1.0924973487841207
}