{
  "coref_precision": 0.7073862254444073,
  "coref_recall": 0.6730310811193164,
  "coref_f1": 0.6897788016371723,
  "mention_recall": 0.9399509803921569,
  "loss": 1.4791331047999399
}