{
  "coref_precision": 0.6953743258175651,
  "coref_recall": 0.5786591604815269,
  "coref_f1": 0.6314064999944694,
  "mention_recall": 0.904675166970249,
  "loss": 53.14608957270567
}