{
  "coref_precision": 0.7651579296893681,
  "coref_recall": 0.7102915891792977,
  "coref_f1": 0.7366869786343987,
  "mention_recall": 0.8971141781681304,
  "loss": 0.9681450881301431
}