{
  "coref_precision": 0.8435594031345067,
  "coref_recall": 0.7685858350074039,
  "coref_f1": 0.8043264673254246,
  "mention_recall": 0.9313725490196079,
  "loss": 0.6953010413389983
}