{
  "coref_precision": 0.4820378939527659,
  "coref_recall": 0.43959012436362527,
  "coref_f1": 0.4598331033992693,
  "mention_recall": 0.899749373433584,
  "loss": 2.3232120503932
}