{
  "coref_precision": 0.3383402179642379,
  "coref_recall": 0.31070144832909957,
  "coref_f1": 0.32393220669561035,
  "mention_recall": 0.9047619047619048,
  "loss": 3.9170329231159546
}