{
  "coref_precision": 0.7783082728544484,
  "coref_recall": 0.6899523061146658,
  "coref_f1": 0.7314710027752236,
  "mention_recall": 0.9096612296110415,
  "loss": 0.9708707891509034
}