{
  "coref_precision": 0.7727069786134875,
  "coref_recall": 0.7290711149779776,
  "coref_f1": 0.7502446882100454,
  "mention_recall": 0.9313725490196079,
  "loss": 0.9167663739844821
}