{
  "coref_precision": 0.3896872687744439,
  "coref_recall": 0.3530372477740899,
  "coref_f1": 0.3704521167228861,
  "mention_recall": 0.9324324324324325,
  "loss": 3.2608551995386974
}