{
  "coref_precision": 0.5150090812999251,
  "coref_recall": 0.47111130269025,
  "coref_f1": 0.4920774977543853,
  "mention_recall": 0.9312039312039312,
  "loss": 2.6305454296762543
}