{
  "coref_precision": 0.7356124921502679,
  "coref_recall": 0.6739890737439757,
  "coref_f1": 0.7034459385976821,
  "mention_recall": 0.9411764705882353,
  "loss": 1.2958952448917969
}