{
  "coref_precision": 0.6627974819734271,
  "coref_recall": 0.569187177199746,
  "coref_f1": 0.6124351066777489,
  "mention_recall": 0.9022556390977443,
  "loss": 1.6378767946839703
}