{
  "coref_precision": 0.7785673865485602,
  "coref_recall": 0.6706371662780827,
  "coref_f1": 0.7205824814603629,
  "mention_recall": 0.9008782936010038,
  "loss": 1.0037230482874917
}