{
  "coref_precision": 0.705039712667049,
  "coref_recall": 0.5744730895268687,
  "coref_f1": 0.632782094342534,
  "mention_recall": 0.9045233758348512,
  "loss": 51.440454210023574
}