{
  "coref_precision": 0.6110477449935031,
  "coref_recall": 0.5776432789590684,
  "coref_f1": 0.5938376231588837,
  "mention_recall": 0.9336609336609336,
  "loss": 1.7394577985451087
}