{
  "coref_precision": 0.6466619452184149,
  "coref_recall": 0.6079300238613965,
  "coref_f1": 0.6266478589128478,
  "mention_recall": 0.9362745098039216,
  "loss": 1.4215786284361218
}