{
  "coref_precision": 0.7294688620658949,
  "coref_recall": 0.6275286909418881,
  "coref_f1": 0.6746582087232703,
  "mention_recall": 0.9097744360902256,
  "loss": 1.1432948440167203
}