{
  "coref_precision": 0.700989884756075,
  "coref_recall": 0.6025996370281518,
  "coref_f1": 0.648079857143086,
  "mention_recall": 0.9084065244667503,
  "loss": 1.2542559215288371
}