{
  "coref_precision": 0.6934754225124372,
  "coref_recall": 0.5769198320238228,
  "coref_f1": 0.6297215622073539,
  "mention_recall": 0.9028030763003441,
  "loss": 52.598188550654406
}