{
  "coref_precision": 0.5471163844425404,
  "coref_recall": 0.4885632442649987,
  "coref_f1": 0.5161832046095481,
  "mention_recall": 0.9115479115479116,
  "loss": 1.8485210244599701
}