{
  "coref_precision": 0.6465188011163429,
  "coref_recall": 0.5893334517238736,
  "coref_f1": 0.6166022703675355,
  "mention_recall": 0.8983688833124216,
  "loss": 1.5753995708446287
}