{
  "coref_precision": 0.6940534240735444,
  "coref_recall": 0.5811048050633297,
  "coref_f1": 0.6324263732910668,
  "mention_recall": 0.9005768063145112,
  "loss": 51.68685237271711
}