{
  "coref_precision": 0.7926082763979286,
  "coref_recall": 0.6899186058275474,
  "coref_f1": 0.7377068600222882,
  "mention_recall": 0.9008782936010038,
  "loss": 0.8828783410425011
}