{
  "coref_precision": 0.5318827114407224,
  "coref_recall": 0.4833023214602161,
  "coref_f1": 0.5064267335542411,
  "mention_recall": 0.9226044226044227,
  "loss": 1.9595782649517934
}