{
  "coref_precision": 0.6958805908227154,
  "coref_recall": 0.578221596458656,
  "coref_f1": 0.6313335123559507,
  "mention_recall": 0.8987047156446063,
  "loss": 53.260058417761414
}