{
  "coref_precision": 0.6936690240783808,
  "coref_recall": 0.6602123593545163,
  "coref_f1": 0.676526427597634,
  "mention_recall": 0.9411764705882353,
  "loss": 1.6899248147218673
}