{
  "coref_precision": 0.5470673725536761,
  "coref_recall": 0.5250196767740626,
  "coref_f1": 0.5358161340950106,
  "mention_recall": 0.9447174447174447,
  "loss": 2.573528533656907
}