{
  "coref_precision": 0.7256186440056128,
  "coref_recall": 0.6443846657449694,
  "coref_f1": 0.6825918018220097,
  "mention_recall": 0.9235588972431078,
  "loss": 1.5787301279908648
}