{
  "coref_precision": 0.8001938689635196,
  "coref_recall": 0.7298874045490096,
  "coref_f1": 0.7634253172632102,
  "mention_recall": 0.9259723964868256,
  "loss": 1.1675680287602899
}