{
  "coref_precision": 0.6915887147287642,
  "coref_recall": 0.5742454694022797,
  "coref_f1": 0.627305021806645,
  "mention_recall": 0.9028030763003441,
  "loss": 54.56637334054732
}