{
  "coref_precision": 0.6992578170302125,
  "coref_recall": 0.6388256986296202,
  "coref_f1": 0.6676766114085882,
  "mention_recall": 0.9252450980392157,
  "loss": 1.2466152491432319
}