Config: 8 and False and 1000000
Result: (12.444894402489044, 1.9990070227227643, 0.0)
0.048591292566723294