Config: 6b and False and 1000000
Result: (12.403607262987837, 1.999755876579907, 0.0)
0.04919270873069763