Config: 7 and False and 1000000
Result: (12.186373308115854, 1.9991788639241002, 0.0)
0.05006679508421156