{
  "coref_precision": 0.5486178438894931,
  "coref_recall": 0.477266860161597,
  "coref_f1": 0.5104604664158892,
  "mention_recall": 0.9115479115479116,
  "loss": 2.127604717563905
}