{
  "coref_precision": 0.7939947724733356,
  "coref_recall": 0.6222114647772585,
  "coref_f1": 0.6976841297339248,
  "mention_recall": 0.8833124215809285,
  "loss": 0.832928459825732
}