{
  "coref_precision": 0.7033890319644192,
  "coref_recall": 0.5386197572175577,
  "coref_f1": 0.6100718067111975,
  "mention_recall": 0.8759398496240601,
  "loss": 1.2173765034802062
}