{
  "coref_precision": 0.687419385296352,
  "coref_recall": 0.5795999999283071,
  "coref_f1": 0.6287244277863578,
  "mention_recall": 0.9053329285569722,
  "loss": 55.27910824033068
}