{
  "coref_precision": 0.5805789841841037,
  "coref_recall": 0.498110186835677,
  "coref_f1": 0.5361776881896563,
  "mention_recall": 0.8982843137254902,
  "loss": 1.3933152966335376
}