{
  "coref_precision": 0.6522476857513122,
  "coref_recall": 0.5588462066532243,
  "coref_f1": 0.6019391835827708,
  "mention_recall": 0.8931203931203932,
  "loss": 1.2153452840086136
}