{
  "coref_precision": 0.5942873105709511,
  "coref_recall": 0.5394667793790601,
  "coref_f1": 0.5655498822180826,
  "mention_recall": 0.9226044226044227,
  "loss": 1.602247199466813
}