{
  "coref_precision": 0.6923856438445696,
  "coref_recall": 0.5745393898285658,
  "coref_f1": 0.6278405623649346,
  "mention_recall": 0.903157255616272,
  "loss": 54.469299301244824
}