{
  "coref_precision": 0.7892888977184601,
  "coref_recall": 0.6873959936750733,
  "coref_f1": 0.7348263508740559,
  "mention_recall": 0.917189460476788,
  "loss": 0.8546410408882817
}