{
  "coref_precision": 0.5034422614677979,
  "coref_recall": 0.46755599299458944,
  "coref_f1": 0.48483447493730186,
  "mention_recall": 0.9262899262899262,
  "loss": 2.091166011577458
}