{
  "coref_precision": 0.6899184762405387,
  "coref_recall": 0.6345706127568872,
  "coref_f1": 0.6610857087084528,
  "mention_recall": 0.9227941176470589,
  "loss": 1.4310161637964998
}