{
  "coref_precision": 0.6444054904582641,
  "coref_recall": 0.5247720443124999,
  "coref_f1": 0.5784679176136404,
  "mention_recall": 0.893483709273183,
  "loss": 1.2954569932763007
}