{
  "coref_precision": 0.5230894598319148,
  "coref_recall": 0.4669616985406459,
  "coref_f1": 0.493425603221465,
  "mention_recall": 0.9226044226044227,
  "loss": 1.9982886526100776
}