{
  "coref_precision": 0.7601607973344094,
  "coref_recall": 0.6256165032079699,
  "coref_f1": 0.6863572293106638,
  "mention_recall": 0.8958594730238394,
  "loss": 0.9580084619459168
}