{
  "coref_precision": 0.6855280066141254,
  "coref_recall": 0.586921842065523,
  "coref_f1": 0.6322369729557377,
  "mention_recall": 0.9010321797207043,
  "loss": 51.45488841995134
}