{
  "coref_precision": 0.7687688676853183,
  "coref_recall": 0.6048108416398013,
  "coref_f1": 0.6769916600841648,
  "mention_recall": 0.8933500627352572,
  "loss": 0.9192499016037943
}