{
  "coref_precision": 0.7189531161463799,
  "coref_recall": 0.548899366613428,
  "coref_f1": 0.6225199520651429,
  "mention_recall": 0.8809523809523809,
  "loss": 1.1288131075625516
}