{
  "coref_precision": 0.6830769718226959,
  "coref_recall": 0.6052818686397118,
  "coref_f1": 0.6418110221062873,
  "mention_recall": 0.9178921568627451,
  "loss": 1.279006836297541
}