{
  "coref_precision": 0.5710158179819836,
  "coref_recall": 0.5087698999979701,
  "coref_f1": 0.5380630896946453,
  "mention_recall": 0.9201474201474201,
  "loss": 1.83153552519959
}